-8.188766289941020737e-01
-2.540008764256191931e-01
4.485772534218299690e-01
3.809772583364392506e-01
-1.459882788347792726e-01
2.432719510670153795e-01
-7.378515503279838850e-01
-3.005004751541733299e-01
-4.072012431362681539e-01
5.129591177992469664e-01
7.577460612974540322e-01
6.109410565105248825e-01
6.960244521135208196e-01
1.104181359057450074e-01
5.666648384012915596e-01
-3.426031949104642038e-01
4.952726701228422623e-01
-3.861284942036737888e-01
-3.400537989075611556e-01
8.658223386760877105e-02
1.094328405281244088e-01
0.000000000000000000e+00
-1.222776659194242388e-01
-9.519376255206424275e-02
0.000000000000000000e+00
6.606452363608457112e-01
8.016889773745212722e-01
9.694980513820228296e-02
-7.442622394104652095e-01
2.555874912956168643e-03
7.652338662254269952e-01
-8.691205034442739397e-01
3.769261033394770699e-01
-5.188759935144096058e-01
5.324655846565533590e-01
7.331575325701313872e-01
8.416802560738902983e-01
-2.071699336070988995e-01
3.191485944092131710e-01
5.675604653743895334e-01
-5.244748872909292814e-01
8.547480404601806026e-01
-3.681157033920166022e-01
6.227831939341792467e-01
3.291125075228875652e-01
-3.295233416543339455e-01
3.580576156458104009e-02
4.666022343907072489e-01
-1.426862573037483983e-01
-9.980696698658364507e-01
7.985258677524549320e-01
-8.825013014150533408e-01
-7.223299519766732679e-01
7.668379797166975376e-01
-7.017048566633929951e-01
7.111233266238299322e-01
3.544769072254168041e-01
3.754516968857788406e-01
9.375170556882099770e-01
4.425947141247574823e-01
4.792214925060331865e-01
5.507071524340951818e-01
2.521903391773272496e-02
7.542859043432867949e-01
6.360585757589789502e-01
7.026799968599124480e-01
-2.650399489807797604e-01
-4.441066227986056880e-01
8.463119201171962480e-01
9.339345559533751562e-02
2.503745863438056052e-01
-2.395406405392708216e-02
-2.537349111192714890e-01
6.985534670170792104e-01
-5.751794545412713955e-01
5.925844088836587087e-01
-1.165062724282983631e-02
-1.308811591552121456e-01
4.703298884572373328e-01
-9.066522360203781439e-01
-8.609948652433594418e-01
4.910222488798450247e-01
1.094264987060533656e-02
7.428449555926122105e-01
-7.587076442613405192e-01
2.279765558493112021e-01
2.269331577533497679e-01
-6.822292062029355897e-02
-2.715628864017012312e-01
7.843623293230921334e-01
-5.954074328312362052e-01
8.828548048047697439e-01
1.604225852324021595e-01
-5.961261186362731834e-02
5.261023662652906108e-01
4.296902467206684673e-01
-3.586459142747715489e-01
-4.409132216152553685e-01
-4.822278747749189076e-01
-9.376806924425336032e-01
-1.445647815207231623e-01
-9.793843922053118156e-01
2.512799895547424001e-01
-5.167500244693856715e-02
-1.597354135920385776e-01
2.886558221431936300e-01
-5.833200618983704899e-01
1.610229449990763229e-01
-5.362427818187036621e-01
-6.761943071779064063e-02
-4.081310595979064093e-01
9.944965206342277764e-01
4.421236303233069265e-01
-1.026834927254904883e-02
-8.806261479043664409e-02
2.409472376297849827e-01
-2.086038282277431488e-01
4.882166188105283577e-01
9.466398657317025567e-01
4.754341688036214375e-01
-2.604262061569886377e-01
-4.219928966717791941e-01
-8.733517933090630958e-01
-4.675794067346923377e-01
4.879766369687610350e-02
-9.077153342042352246e-01
5.699081507177283790e-02
1.705682109411987835e-01
-3.959181168869736478e-01
9.605397704790967772e-01
8.668118284502002169e-01
-7.554470501361458812e-01
-2.780545532451903501e-01
8.015739538726682767e-01
-3.493685592874760104e-01
5.452437147830495601e-01
-4.478894108816100506e-01
1.121608513377536642e-01
1.688497454784663176e-01
6.327766030742363323e-01
-2.153800863422563605e-01
6.637289591011208412e-01
-1.712184892176082940e-02
8.119843382004297005e-01
5.441486019290839860e-01
4.824494056452426349e-01
6.948299591354021310e-01
-9.280880474731427743e-01
4.381159399958276524e-01
3.010294584790036421e-01
-1.046190766691676988e-01
-7.253926683561828792e-01
-1.782103047146785801e-01
-1.311254107829227245e-01
-4.005697336888782711e-01
-6.278802297032592961e-02
-9.803254994473744599e-01
-9.634367429579104858e-01
3.226484643048295187e-01
5.812565648833332155e-01
2.002915737295285492e-01
7.536770653714299772e-01
-6.387880121012652346e-01
-9.741766293558813405e-01
-9.936623629237884003e-01
-6.614496523255413152e-01
-2.138912398861889663e-01
1.863867260335156928e-01
-2.723708518697538494e-01
3.279542018442243023e-01
1.604621295835395589e-01
-8.553012740530328006e-01
2.336174377992092932e-01
1.609957171593963121e-01
-3.263263010311521217e-01
9.158145145183476110e-01
-9.747396713914289190e-01
-7.346974034832891576e-01
-1.969785311824336915e-01
-7.623991708370529974e-01
6.183508925267733325e-02
8.248608236382930503e-01
-5.907603777777949983e-01
6.021856054002956427e-01
8.307125002563118255e-01
5.191926432645244116e-01
1.748642020905200045e-01
-2.171554196030829331e-01
-7.682254787882754066e-01
6.884702087004179738e-02
4.871792969209520763e-01
5.717718998059293511e-01
-8.997772403895698545e-02
7.930433165408841134e-01
-6.297465524916383561e-01
8.314435029879501116e-01
3.951303443603098042e-01
1.129197629442280082e-01
3.160274161125160575e-01
-3.287654661917751575e-01
7.051780332005561647e-01
8.034743876619425684e-01
-2.749162235638944463e-01
-2.037668607795914966e-01
-4.250944271763577031e-01
9.982838681961017091e-01
-7.156718319892449998e-01
-2.291206784974686439e-01
-2.468217354974406863e-01
-7.211791074475781826e-01
1.835490147772644853e-02
-4.236992620379911312e-01
6.584985908291178802e-01
9.744416392262409410e-01
7.927893894458977186e-01
-9.419214017144637019e-01
4.189030494632453028e-01
7.898256589470171729e-01
-7.491273403711988799e-01
2.589175592930237357e-01
3.785426361025361341e-01
-5.347439232372461770e-01
-3.641295401468502835e-01
5.488262169673987501e-01
4.360835571583734360e-01
9.094571027095375015e-01
-7.698044599252296116e-02
-5.083042449182528788e-01
-8.265448426246486680e-01
4.754436848890339906e-01
-5.535030173787014451e-01
-2.906491126387795720e-01
5.835523196654057720e-01
6.788214858986074685e-01
5.673946699908010149e-01
6.232460249797973084e-01
5.391993734589912712e-01
-4.827057654112141272e-01
4.113500334841528883e-01
5.370863996952695008e-01
1.370521363940366832e-01
9.399590494739928914e-03
-1.979839135070018408e-01
-6.880493501340489981e-01
-5.495785333064080458e-01
1.672958463917453287e-01
-3.681123390550753438e-01
8.384049121590384512e-01
1.672283729091517124e-02
-1.918996646256652117e-01
-9.934034900025288106e-01
5.574963402142207869e-02
6.506314246858042605e-01
-1.023193081422875128e-01
6.438893742282227883e-01
7.721778833271284448e-01
9.305755251020157992e-01
7.559031715895778714e-01
1.609335116593553217e-01
-8.554234319104090378e-01
-6.573612390521961224e-01
5.393648843898977141e-01
8.147397620241434435e-01
7.743374287408399947e-01
3.937759276092366728e-02
