gen	nevals	life_avg	life_std	avg    	std        	min    	max    
0  	100   	17      	0       	286.827	5.68434e-14	286.827	286.827
1  	143   	16.9266 	2.31517 	287.499	1.45311    	286.827	291.452
2  	139   	16.0396 	4.51618 	288.921	2.34383    	286.827	296.168
3  	131   	15.7176 	5.79224 	290.652	2.49145    	286.827	296.168
4  	138   	16.3587 	5.33854 	292.386	2.60807    	282.455	298.081
5  	134   	16.2799 	5.43877 	293.701	2.02922    	289.208	298.096
6  	140   	16.7143 	5.40705 	294.428	1.76982    	289.208	298.081
7  	147   	16.0068 	6.18342 	295.186	1.90464    	291.292	298.089
8  	144   	16.3264 	5.66554 	296.14 	2.20874    	287.036	298.126
9  	137   	16.1496 	5.6126  	296.857	2.03133    	289.15 	298.126
10 	146   	17.1918 	4.95537 	296.813	2.41585    	284.582	300.355
11 	146   	16.1027 	5.81004 	297.266	2.44196    	286.705	302.598
12 	140   	15.6643 	6.89007 	297.908	1.52473    	291.367	302.598
13 	133   	16.7895 	4.93157 	298.079	1.49947    	291.282	302.598
14 	137   	16.135  	5.6654  	298.559	2.14544    	286.957	302.598
15 	140   	14.6857 	7.16847 	299.134	3.01049    	276.367	302.598
16 	153   	15.9085 	6.22939 	299.623	2.66784    	289.189	302.598
17 	133   	15.1015 	7.0401  	300.08 	3.21817    	287.753	302.598
18 	148   	17.1081 	4.89261 	301.169	3.19783    	286.952	302.598
19 	153   	16.8595 	5.53788 	302.286	1.54551    	291.459	302.598
20 	137   	17.1314 	4.88229 	302.598	5.68434e-14	302.598	302.598
21 	139   	17.6223 	3.71602 	302.598	5.68434e-14	302.598	302.598
22 	139   	17.4748 	3.87499 	302.598	5.68434e-14	302.598	302.598
23 	146   	17.6336 	3.94321 	302.598	5.68434e-14	302.598	302.598
24 	150   	17.46   	5.07527 	302.441	1.56301    	286.89 	302.598
25 	139   	16.6835 	5.56878 	302.598	5.68434e-14	302.598	302.598
26 	129   	17.0659 	5.34484 	302.598	5.68434e-14	302.598	302.598
27 	137   	16.5584 	5.53854 	302.598	5.68434e-14	302.598	302.598
28 	144   	17.0035 	5.06023 	302.598	5.68434e-14	302.598	302.598
29 	147   	16.4762 	5.74851 	302.598	5.68434e-14	302.598	302.598
30 	140   	16.9607 	5.27124 	302.442	1.55524    	286.968	302.598
n_hidden_neurons = 10
domain_upper = 1
domain_lower = -1
n_pop = 100
n_gens = 30
mutation_p = 0.2
cross_p = 0.5
Mu = 100
Lambda = 200
Algorithm = Mu + Lambda
Enemies = [1, 2, 4, 6]
