gen	nevals	life_avg	avg     	std        	min     	max    
0  	100   	0       	-1.40277	9.15849    	-7.29506	30.4627
1  	142   	0       	4.32858 	10.6711    	-6.09131	30.4627
2  	141   	0       	14.5571 	9.91111    	-5.79606	30.7067
3  	133   	0       	22.8509 	6.97711    	-5.11799	39.4278
4  	139   	0       	26.7711 	5.70036    	21.2602 	39.4278
5  	140   	0       	27.946  	7.5666     	-5.78383	39.4278
6  	138   	0       	31.4948 	6.8181     	21.4016 	47.6846
7  	144   	0       	35.8213 	6.51833    	12.4016 	48.1623
8  	150   	0       	38.037  	5.08218    	12.5319 	48.1623
9  	152   	0       	39.471  	6.44818    	-5.41165	57.0161
10 	145   	0       	40.6885 	4.13055    	21.4016 	57.0161
11 	147   	0       	42.2146 	4.15545    	39.4278 	57.0161
12 	137   	0       	45.0573 	4.32696    	39.4278 	57.0161
13 	153   	0       	46.6856 	3.18898    	39.3475 	57.0161
14 	142   	0       	47.0128 	4.79155    	21.5235 	57.0161
15 	152   	0       	47.8262 	4.58846    	21.4278 	57.0161
16 	127   	0       	48.7647 	3.82129    	21.4278 	57.0161
17 	151   	0       	49.7704 	3.39124    	48.1623 	57.0161
18 	139   	0       	51.3587 	4.76358    	30.2602 	57.0161
19 	148   	0       	54.0954 	5.15212    	21.6967 	57.0262
20 	140   	0       	54.4447 	7.5611     	12.753  	57.0161
21 	136   	0       	56.7463 	1.97326    	39.177  	57.0161
22 	145   	0       	56.662  	2.47828    	39.2667 	57.0161
23 	146   	0       	57.0161 	7.10543e-15	57.0161 	57.0161
24 	133   	0       	57.0161 	7.10543e-15	57.0161 	57.0161
25 	143   	0       	57.0161 	7.10543e-15	57.0161 	57.0161
26 	126   	0       	57.0161 	7.10543e-15	57.0161 	57.0161
27 	140   	0       	57.0161 	7.10543e-15	57.0161 	57.0161
28 	139   	0       	57.0161 	7.10543e-15	57.0161 	57.0161
29 	142   	0       	57.0161 	7.10543e-15	57.0161 	57.0161
30 	141   	0       	57.0161 	7.10543e-15	57.0161 	57.0161
n_hidden_neurons = 10
domain_upper = 1
domain_lower = -1
n_pop = 100
n_gens = 30
mutation_p = 0.2
cross_p = 0.5
Mu = 100
Lambda = 200
Algorithm = Mu + Lambda
Enemies = [2, 4]
