gen	nevals	life_avg	avg     	std        	min     	max    
0  	100   	0       	-2.18282	7.88441    	-7.31189	30.2039
1  	149   	0       	4.35058 	10.7615    	-5.90536	30.2039
2  	144   	0       	11.1116 	10.2659    	-5.79606	21.7477
3  	134   	0       	18.8926 	5.89143    	-5.78383	30.6625
4  	134   	0       	22.6995 	4.30684    	12.2223 	48.0364
5  	136   	0       	23.1466 	3.20535    	21.7477 	30.6967
6  	133   	0       	23.9314 	3.98402    	21.3979 	38.9019
7  	136   	0       	26.4808 	4.98983    	21.7477 	38.9019
8  	140   	0       	29.129  	4.68584    	21.4355 	39.3546
9  	152   	0       	30.2369 	5.54512    	12.4987 	56.9717
10 	129   	0       	32.8225 	7.012      	21.2732 	56.9717
11 	152   	0       	35.6723 	8.29577    	12.0011 	65.7347
12 	138   	0       	37.2356 	10.8024    	12.4053 	65.7347
13 	143   	0       	38.9643 	10.6617    	12.6247 	65.7347
14 	135   	0       	42.4171 	12.9178    	3.20394 	65.7347
15 	142   	0       	47.7674 	14.5474    	3.89405 	65.75  
16 	139   	0       	54.2817 	10.8954    	21.727  	65.75  
17 	144   	0       	59.3062 	8.17652    	30.7067 	74.5354
18 	141   	0       	62.1296 	6.71001    	30.7067 	74.5354
19 	147   	0       	65.2075 	3.48336    	48.0339 	74.5354
20 	146   	0       	66.2632 	3.69542    	39.344  	74.5354
21 	139   	0       	67.0554 	4.37744    	39.344  	74.5354
22 	145   	0       	68.0888 	9.91323    	-5.78383	74.5354
23 	138   	0       	70.7439 	7.73924    	12.4241 	74.5354
24 	128   	0       	72.8606 	6.56747    	30.3546 	74.5354
25 	137   	0       	74.5354 	2.84217e-14	74.5354 	74.5354
26 	130   	0       	74.5354 	2.84217e-14	74.5354 	74.5354
27 	131   	0       	74.5354 	2.84217e-14	74.5354 	74.5354
28 	129   	0       	74.5354 	2.84217e-14	74.5354 	74.5354
29 	140   	0       	74.5354 	2.84217e-14	74.5354 	74.5354
30 	125   	0       	74.5354 	2.84217e-14	74.5354 	74.5354
n_hidden_neurons = 10
domain_upper = 1
domain_lower = -1
n_pop = 100
n_gens = 30
mutation_p = 0.2
cross_p = 0.5
Mu = 100
Lambda = 200
Algorithm = Mu + Lambda
Enemies = [2, 4]
