gen	nevals	life_avg	life_std	avg    	std        	min    	max    
0  	100   	17      	0       	286.827	5.68434e-14	286.827	286.827
1  	139   	15.3885 	5.00864 	287.165	1.12418    	286.827	293.595
2  	136   	15.7353 	4.82752 	288.068	2.17269    	286.827	295.838
3  	144   	16.2431 	4.55864 	290.097	2.8324     	286.827	295.838
4  	150   	16.2033 	4.72126 	291.223	2.47985    	286.802	295.838
5  	139   	16.5971 	5.2918  	292.992	2.11394    	286.961	295.959
6  	134   	16.5485 	4.90616 	294.003	1.90231    	289.053	295.964
7  	142   	16.0775 	5.50681 	295.039	1.79725    	286.848	295.964
8  	146   	17.3801 	4.13774 	295.413	1.61958    	286.838	295.964
9  	141   	16.1206 	5.74515 	295.89 	0.624417   	291.411	298.017
10 	136   	16.7831 	4.49824 	295.823	1.33089    	286.957	298.031
11 	133   	16.9323 	4.25758 	296.28 	0.941092   	293.673	300.33 
12 	150   	16.53   	5.02866 	296.589	1.63515    	286.952	300.33 
13 	133   	16.1429 	5.52322 	296.785	1.62395    	289.208	302.573
14 	138   	16.6377 	5.47384 	297.477	1.86271    	293.477	302.573
15 	141   	16.5071 	4.93791 	298.539	2.07935    	290.313	302.576
16 	142   	16.6373 	4.11719 	299.521	1.67492    	295.889	302.576
17 	145   	16.4483 	5.36519 	300.449	1.62726    	295.773	302.576
18 	140   	16.825  	4.35108 	301.381	1.57699    	291.29 	302.576
19 	145   	16.6828 	5.14172 	302.058	1.34286    	293.535	302.576
20 	155   	17.4323 	4.60927 	302.53 	0.313941   	300.33 	302.576
21 	144   	17.2222 	4.56008 	302.575	0.00104086 	302.573	302.576
22 	141   	17.117  	4.16446 	302.575	0.000504534	302.573	302.576
23 	135   	17.5778 	4.67098 	302.485	0.902726   	293.503	302.576
24 	134   	17.3134 	4.60883 	302.576	5.68434e-14	302.576	302.576
25 	146   	17.274  	4.83002 	302.576	5.68434e-14	302.576	302.576
26 	144   	17.0174 	5.3377  	302.576	5.68434e-14	302.576	302.576
27 	148   	17.8108 	3.54479 	302.576	5.68434e-14	302.576	302.576
28 	137   	17.5912 	3.68872 	302.576	5.68434e-14	302.576	302.576
29 	149   	17.9396 	3.70331 	302.576	5.68434e-14	302.576	302.576
30 	131   	17.7595 	3.27164 	302.576	5.68434e-14	302.576	302.576
n_hidden_neurons = 10
domain_upper = 1
domain_lower = -1
n_pop = 100
n_gens = 30
mutation_p = 0.2
cross_p = 0.5
Mu = 100
Lambda = 200
Algorithm = Mu + Lambda
Enemies = [1, 2, 4, 6]
