gen	nevals	life_avg  	avg     	std     	min     	max    
0  	100   	0         	-2.24853	8.13871 	-7.30787	21.7636
1  	141   	0         	3.33605 	10.8116 	-5.95842	30.5404
2  	128   	0         	14.7365 	10.8612 	-5.79606	39.4165
3  	140   	0         	21.5028 	6.56105 	3.42785 	39.4165
4  	146   	0         	24.132  	6.00715 	3.26021 	39.4165
5  	138   	0         	25.5772 	5.8362  	12.5319 	39.4165
6  	144   	0         	27.2348 	7.78035 	21.2411 	65.4561
7  	145   	0         	31.5204 	9.20657 	3.60184 	65.4561
8  	141   	0         	35.5013 	9.31719 	21.7017 	65.4561
9  	142   	0         	40.9773 	9.84494 	20.9456 	65.4561
10 	144   	0         	44.8645 	10.124  	21.344  	65.4561
11 	135   	0         	50.4726 	9.3093  	21.344  	65.4561
12 	144   	0         	51.942  	12.047  	3.36165 	65.4561
13 	142   	0         	57.9416 	9.26064 	21.337  	65.4561
14 	137   	0.00729927	60.6298 	9.72418 	21.3581 	83.363 
15 	135   	0.00740741	64.5074 	7.11014 	20.955  	83.363 
16 	143   	0.020979  	65.8532 	7.1003  	21.4016 	83.363 
17 	141   	0.286525  	67.5118 	8.10458 	12.7067 	84.4243
18 	134   	0.165672  	70.6514 	7.72406 	65.4561 	84.4243
19 	134   	0.380597  	74.5598 	10.2246 	21.0135 	84.4243
20 	130   	0.967692  	79.1292 	9.61155 	21.3546 	84.4243
21 	137   	1.43796   	83.2767 	2.89674 	65.4561 	84.4243
22 	151   	2.98808   	83.4712 	4.66528 	38.3017 	84.4243
23 	145   	6.92414   	84.2332 	0.407712	83.363  	84.4243
24 	151   	9.37351   	83.5956 	7.29481 	11.7121 	84.4243
25 	143   	13.351    	84.3228 	1.00996 	74.2738 	84.4243
26 	138   	13.087    	84.4243 	0       	84.4243 	84.4243
27 	144   	11.4667   	84.4243 	0       	84.4243 	84.4243
28 	141   	12.6865   	84.4243 	0       	84.4243 	84.4243
29 	139   	11.2604   	84.4243 	0       	84.4243 	84.4243
30 	125   	11.008    	84.4243 	0       	84.4243 	84.4243
n_hidden_neurons = 10
domain_upper = 1
domain_lower = -1
n_pop = 100
n_gens = 30
mutation_p = 0.2
cross_p = 0.5
Mu = 100
Lambda = 200
Algorithm = Mu + Lambda
Enemies = [2, 4]
