gen	nevals	life_avg	life_std	avg    	std        	min    	max    
0  	100   	17      	0       	286.827	5.68434e-14	286.827	286.827
1  	140   	15.7    	4.59767 	287.254	1.31064    	286.827	293.713
2  	133   	15.7406 	4.43398 	288.416	2.38585    	286.827	298.08 
3  	147   	14.9864 	5.83152 	290.001	2.71506    	286.827	298.086
4  	139   	15.1727 	5.53495 	291.627	2.55412    	286.842	298.086
5  	138   	15.1123 	6.36197 	293.164	2.50905    	284.588	298.086
6  	128   	15.2227 	6.46076 	294.235	2.10298    	289.063	298.093
7  	147   	16.983  	5.31888 	295.235	2.74683    	282.458	298.093
8  	134   	16.4179 	5.50685 	296.801	2.09578    	286.718	300.333
9  	129   	16.3295 	5.57455 	297.842	1.04216    	293.603	300.333
10 	143   	16.8287 	5.01679 	298.091	0.770627   	293.603	300.333
11 	138   	15.8551 	6.09443 	298.002	1.67747    	286.865	300.333
12 	130   	16.4577 	5.40443 	298.317	0.743681   	295.829	300.333
13 	140   	16.7786 	4.92054 	298.295	1.37936    	286.952	300.333
14 	148   	16.3851 	5.79669 	298.542	1.33858    	289.21 	300.333
15 	147   	16.5986 	5.20323 	298.857	1.8968     	289.2  	300.334
16 	137   	16.4015 	5.96732 	299.439	1.89052    	289.2  	300.334
17 	143   	14.9685 	7.03493 	299.975	1.08088    	293.693	302.58 
18 	137   	17.6606 	3.95178 	300.155	1.02688    	291.467	302.58 
19 	141   	16.4291 	5.84874 	300.378	0.447085   	298.085	302.58 
20 	129   	17.2558 	4.59487 	300.47 	0.758246   	295.971	302.58 
21 	150   	17.37   	4.48235 	300.761	0.880938   	300.333	302.58 
22 	145   	16.9448 	4.93933 	301.345	1.11685    	300.334	302.58 
23 	134   	17.2511 	5.09347 	301.996	0.984403   	300.334	302.58 
24 	138   	17.3949 	4.362   	302.422	0.572873   	300.334	302.58 
25 	137   	17.6058 	3.82292 	302.466	1.12731    	291.25 	302.58 
26 	149   	17.2315 	4.34368 	302.58 	5.68434e-14	302.58 	302.58 
27 	128   	17.2461 	4.82951 	302.58 	5.68434e-14	302.58 	302.58 
28 	127   	16.9331 	5.17807 	302.58 	5.68434e-14	302.58 	302.58 
29 	143   	17.4161 	4.46117 	302.58 	5.68434e-14	302.58 	302.58 
30 	146   	17.2226 	4.06625 	302.58 	5.68434e-14	302.58 	302.58 
n_hidden_neurons = 10
domain_upper = 1
domain_lower = -1
n_pop = 100
n_gens = 30
mutation_p = 0.2
cross_p = 0.5
Mu = 100
Lambda = 200
Algorithm = Mu + Lambda
Enemies = [1, 2, 4, 6]
