gen	nevals	life_avg	avg      	std        	min     	max    
0  	100   	0       	-0.646795	9.76251    	-7.3072 	39.2667
1  	137   	0       	8.08178  	13.3948    	-5.8861 	39.2667
2  	136   	0       	19.5367  	11.5133    	-5.71373	39.2667
3  	135   	0       	23.7514  	8.52962    	3.20394 	39.2667
4  	139   	0       	28.2953  	7.03504    	21.7017 	39.2667
5  	140   	0       	32.4234  	7.40557    	21.7477 	56.911 
6  	150   	0       	35.6889  	10.3181    	3.26021 	56.9961
7  	136   	0       	40.5624  	9.14431    	21.7017 	56.9961
8  	145   	0       	44.6827  	10.3197    	-5.78383	56.9961
9  	137   	0       	50.0678  	8.41006    	30.4241 	56.9961
10 	125   	0       	54.3083  	5.77171    	30.447  	56.9961
11 	144   	0       	56.0039  	3.49715    	30.5447 	56.9961
12 	145   	0       	56.9886  	0.0238183  	56.911  	56.9961
13 	136   	0       	56.9953  	0.00847309 	56.911  	56.9961
14 	134   	0       	56.9961  	3.55271e-14	56.9961 	56.9961
15 	137   	0       	56.9961  	3.55271e-14	56.9961 	56.9961
16 	137   	0       	56.9961  	3.55271e-14	56.9961 	56.9961
17 	144   	0       	56.9065  	0.891988   	48.0313 	56.9961
18 	136   	0       	56.9961  	3.55271e-14	56.9961 	56.9961
19 	150   	0       	56.9961  	3.55271e-14	56.9961 	56.9961
20 	141   	0       	56.9961  	3.55271e-14	56.9961 	56.9961
21 	141   	0       	56.9961  	3.55271e-14	56.9961 	56.9961
22 	142   	0       	56.9961  	3.55271e-14	56.9961 	56.9961
23 	146   	0       	56.4656  	3.71392    	30.4128 	56.9961
24 	144   	0       	56.8205  	1.74764    	39.4317 	56.9961
25 	126   	0       	56.9961  	3.55271e-14	56.9961 	56.9961
26 	147   	0       	56.9961  	3.55271e-14	56.9961 	56.9961
27 	130   	0       	56.9961  	3.55271e-14	56.9961 	56.9961
28 	127   	0       	56.9961  	3.55271e-14	56.9961 	56.9961
29 	148   	0       	56.9961  	3.55271e-14	56.9961 	56.9961
30 	139   	0       	56.6438  	3.50506    	21.7689 	56.9961
n_hidden_neurons = 10
domain_upper = 1
domain_lower = -1
n_pop = 100
n_gens = 30
mutation_p = 0.2
cross_p = 0.5
Mu = 100
Lambda = 200
Algorithm = Mu + Lambda
Enemies = [2, 4]
