gen	nevals	life_avg	avg     	std    	min     	max    
0  	100   	0       	-2.16007	8.30765	-7.28276	21.7477
1  	135   	0       	3.64609 	11.6278	-6.09131	30.2667
2  	125   	0       	14.8817 	10.916 	-5.79606	47.9019
3  	148   	0       	23.3502 	5.23062	3.94375 	39.4241
4  	139   	0       	25.2132 	5.08386	21.4548 	39.4241
5  	153   	0       	27.8056 	7.03587	2.98873 	39.4548
6  	138   	0       	30.138  	6.48074	21.2039 	48.1028
7  	144   	0       	32.2367 	6.37016	12.4016 	47.9574
8  	138   	0       	34.9837 	7.01884	3.60184 	56.858 
9  	155   	0       	37.052  	6.68299	3.36879 	56.858 
10 	132   	0       	39.5335 	4.93262	21.727  	56.858 
11 	135   	0       	39.6925 	7.72014	3.13637 	56.858 
12 	137   	0       	41.1345 	6.60184	2.97898 	56.858 
13 	143   	0       	40.4491 	9.90682	-5.78383	56.858 
14 	135   	0       	43.2991 	6.74247	12.2411 	56.858 
15 	136   	0       	44.7098 	6.74485	3.58835 	56.858 
16 	137   	0       	46.8401 	4.00194	30.3475 	56.8819
17 	143   	0       	48.3487 	3.27783	38.5495 	56.8819
18 	141   	0       	49.6861 	4.09721	30.2732 	56.8819
19 	140   	0       	50.8925 	5.20116	30.0364 	56.8819
20 	143   	0       	52.8074 	5.12264	30.4317 	56.8819
21 	144   	0       	55.0539 	3.72015	39.2699 	56.8885
22 	148   	0       	56.7865 	1.95547	48.2602 	65.858 
23 	145   	0       	56.5253 	3.06605	38.7874 	65.858 
24 	137   	0       	57.154  	3.64578	30.5576 	65.858 
25 	142   	0       	58.2314 	3.8724 	39.2193 	65.858 
26 	138   	0       	59.67   	4.50929	48.0364 	65.858 
27 	148   	0       	62.0875 	4.4284 	56.8388 	65.858 
28 	143   	0       	64.3328 	4.57936	30.0494 	65.8601
29 	141   	0       	65.3192 	2.48287	47.8797 	65.8601
30 	140   	0       	65.6793 	1.77821	47.9863 	65.8601
n_hidden_neurons = 10
domain_upper = 1
domain_lower = -1
n_pop = 100
n_gens = 30
mutation_p = 0.2
cross_p = 0.5
Mu = 100
Lambda = 200
Algorithm = Mu + Lambda
Enemies = [2, 4]
