gen	nevals	life_avg	life_std	avg    	std        	min    	max    
0  	100   	17      	0       	286.827	5.68434e-14	286.827	286.827
1  	135   	15.8667 	4.47594 	287.194	1.26508    	286.827	293.56 
2  	136   	15.7978 	5.19947 	287.781	1.7508     	286.827	295.81 
3  	143   	16.1678 	4.32869 	288.666	2.33063    	286.827	295.81 
4  	151   	16.0762 	5.02008 	290.387	2.4374     	286.827	295.81 
5  	135   	16.7222 	4.21139 	291.857	1.76539    	286.949	295.81 
6  	138   	15.4493 	6.42552 	293    	2.24534    	286.952	301.647
7  	134   	15.8134 	5.97684 	294.117	2.86157    	284.728	301.647
8  	147   	15.6531 	6.17891 	294.772	3.36126    	286.952	301.647
9  	143   	15.4231 	6.4367  	295.66 	3.3924     	289.063	301.647
10 	139   	15.7518 	6.22289 	296.683	3.28844    	289.116	301.647
11 	135   	15.9222 	6.01506 	295.581	26.637     	32.7963	303.876
12 	140   	15.1179 	6.05912 	296.553	26.8478    	32.7963	303.876
13 	137   	13.4124 	5.76419 	301.492	2.23411    	288.036	303.92 
14 	142   	10.6813 	5.57149 	302.535	1.38038    	295.767	303.921
15 	143   	11.1745 	4.06073 	303.225	1.80273    	287.815	303.921
16 	132   	10.0746 	4.94355 	306.406	25.5335    	301.647	560.313
17 	138   	10.5953 	5.23334 	309.092	35.8958    	303.876	560.313
18 	145   	8.99    	5.6342  	306.873	25.5294    	301.647	560.313
19 	142   	10.3514 	4.72002 	312.007	43.7025    	301.647	560.313
20 	134   	10.7687 	4.76291 	317.585	55.7324    	303.881	560.313
21 	143   	9.82098 	5.96134 	323.548	65.0717    	282.406	560.313
22 	150   	8.325   	6.8173  	337.447	82.402     	282.464	560.313
23 	139   	8.45504 	7.55606 	353.352	104.16     	27.9484	563.463
24 	141   	8.55887 	7.59994 	384.427	115.37     	282.456	563.463
25 	132   	10.1485 	7.91338 	440.608	124.916    	303.921	563.463
26 	148   	9.09358 	7.8548  	494.844	116.934    	34.6872	563.463
27 	130   	8.115   	6.77604 	552.958	45.3926    	282.456	563.463
28 	145   	8.52793 	7.19112 	558.824	25.8575    	302    	565.752
29 	125   	8.5472  	7.30404 	557.048	54.1061    	18.9273	565.752
30 	151   	11.3738 	8.6456  	546.934	73.632     	43.8457	565.752
n_hidden_neurons = 10
domain_upper = 1
domain_lower = -1
n_pop = 100
n_gens = 30
mutation_p = 0.2
cross_p = 0.5
Mu = 100
Lambda = 200
Algorithm = Mu + Lambda
Enemies = [1, 2, 4, 6]
