gen	nevals	life_avg	life_std	avg    	std        	min    	max    
0  	100   	17      	0       	286.827	5.68434e-14	286.827	286.827
1  	144   	16.309  	3.48608 	287.287	1.5056     	286.827	295.794
2  	145   	16.331  	4.21419 	289.21 	2.88096    	286.827	295.794
3  	145   	15.8069 	5.52898 	290.703	3.09052    	282.456	295.868
4  	148   	15.7838 	5.5766  	292.374	2.43879    	286.854	298.056
5  	131   	16.3664 	5.07983 	293.89 	2.06797    	289.1  	298.102
6  	139   	15.5432 	6.45223 	294.817	1.76896    	289.1  	298.128
7  	136   	15.7279 	5.88239 	295.375	1.79261    	289.082	298.128
8  	139   	15.8849 	6.12059 	296.048	1.75363    	289.085	298.128
9  	155   	14.8194 	7.24232 	296.318	2.61608    	282.296	298.128
10 	133   	16.2744 	5.49554 	297.344	1.87933    	284.671	298.128
11 	141   	15.4468 	6.36165 	297.797	1.37666    	289.202	300.199
12 	139   	16.3633 	5.09789 	298.091	1.37966    	291.297	302.415
13 	154   	17.6948 	3.33045 	298.591	1.445      	291.456	302.415
14 	153   	16.6176 	4.99894 	299.085	1.6668     	298.128	304.623
15 	131   	16.9046 	4.71481 	299.867	2.32225    	286.914	304.623
16 	145   	16.3448 	5.1443  	301.265	1.73941    	298.128	304.623
17 	139   	16.2842 	4.29951 	302.108	1.35811    	293.583	306.887
18 	149   	16.047  	4.77632 	302.753	1.19767    	300.199	306.887
19 	139   	16.2446 	4.1783  	303.514	1.49865    	302.415	306.913
20 	132   	15.3409 	5.32622 	304.612	1.67226    	302.415	306.913
21 	140   	15.8536 	4.2521  	305.731	1.21073    	302.417	309.143
22 	127   	16.1654 	4.19695 	305.921	2.83079    	288.994	309.143
23 	136   	15.2243 	5.26707 	306.885	0.742982   	304.642	309.143
24 	132   	15.5076 	5.09567 	307.178	0.787002   	304.666	309.143
25 	141   	15.7979 	4.79471 	307.488	1.11288    	302.467	309.143
26 	131   	16.3435 	3.7529  	308.13 	1.10059    	306.913	309.143
27 	151   	15.2748 	5.31887 	308.639	0.916645   	306.913	309.143
28 	146   	16.339  	3.86366 	309.038	0.433957   	306.913	309.143
29 	140   	16.075  	4.356   	308.841	2.46201    	284.54 	309.143
30 	139   	15.8669 	4.55327 	309.071	0.663745   	302.467	309.143
n_hidden_neurons = 10
domain_upper = 1
domain_lower = -1
n_pop = 100
n_gens = 30
mutation_p = 0.2
cross_p = 0.5
Mu = 100
Lambda = 200
Algorithm = Mu + Lambda
Enemies = [1, 2, 4, 6]
