gen	nevals	life_avg	life_std	avg    	std        	min    	max    
0  	100   	17      	0       	286.827	5.68434e-14	286.827	286.827
1  	153   	16.0915 	4.18738 	287.553	2.04973    	284.781	295.752
2  	141   	15.7411 	4.87707 	288.585	2.81356    	284.715	295.752
3  	136   	16.1324 	4.97096 	289.985	3.02462    	286.827	295.752
4  	138   	15.4203 	5.50469 	291.923	2.92336    	286.863	295.932
5  	131   	16.1794 	4.77072 	293.403	2.56713    	286.944	295.932
6  	130   	15.8962 	5.38756 	295.187	1.32074    	289.53 	295.932
7  	144   	16.2604 	4.36486 	295.547	0.915257   	289.209	295.95 
8  	146   	16.5479 	4.41523 	295.912	1.07991    	291.425	300.59 
9  	138   	15.6957 	5.48926 	295.934	1.7096     	286.743	300.562
10 	147   	15.9626 	5.38867 	296.273	1.56798    	289.212	300.562
11 	134   	17.1007 	4.40267 	297.053	2.20008    	291.319	304.759
12 	126   	16.8254 	4.72931 	297.75 	2.71848    	289.404	305.038
13 	133   	17.5075 	3.58882 	299.366	2.97398    	293.513	305.038
14 	139   	16.8993 	5.03805 	300.953	3.22876    	289.212	305.038
15 	144   	16.5833 	5.65194 	301.778	4.17743    	286.877	305.038
16 	130   	17.4115 	4.70085 	303.654	3.35578    	279.471	307.251
17 	136   	17.9522 	5.03805 	304.663	1.7409     	293.926	307.251
18 	132   	18.9659 	3.29669 	305.184	1.40908    	293.579	307.251
19 	147   	17.8469 	5.81331 	305.765	1.12413    	305.038	309.408
20 	152   	18.5691 	5.0566  	306.467	1.46739    	300.576	309.408
21 	137   	18.5328 	4.5535  	307.347	1.42707    	298.474	309.408
22 	150   	18.4233 	3.85562 	308.199	1.30854    	300.726	309.408
23 	137   	18.4307 	3.88624 	308.8  	1.55494    	296.128	309.408
24 	133   	18.3083 	4.39143 	309.365	0.301942   	307.251	309.408
25 	144   	17.6389 	5.36205 	309.408	1.13687e-13	309.408	309.408
26 	144   	18.1354 	4.6309  	309.408	1.13687e-13	309.408	309.408
27 	154   	18.461  	4.08971 	309.25 	1.57191    	293.609	309.408
28 	150   	17.72   	5.26386 	309.229	1.77871    	291.531	309.408
29 	153   	17.6569 	5.28701 	309.276	1.31362    	296.205	309.408
30 	149   	17.7752 	4.9543  	309.408	1.13687e-13	309.408	309.408
n_hidden_neurons = 10
domain_upper = 1
domain_lower = -1
n_pop = 100
n_gens = 30
mutation_p = 0.2
cross_p = 0.5
Mu = 100
Lambda = 200
Algorithm = Mu + Lambda
Enemies = [1, 2, 4, 6]
