gen	nevals	life_avg	life_std	avg    	std        	min    	max    
0  	100   	17      	0       	286.827	5.68434e-14	286.827	286.827
1  	129   	15.9922 	4.16612 	287.337	1.50722    	286.827	295.948
2  	140   	15.4393 	5.33401 	288.148	2.18498    	286.827	295.948
3  	141   	16.2376 	4.43734 	289.841	2.59538    	286.827	295.948
4  	141   	14.9468 	6.8832  	291.244	2.64901    	286.827	298.101
5  	146   	15.5822 	6.3343  	293.253	2.67675    	286.952	298.101
6  	140   	15.9464 	6.34533 	294.86 	2.30361    	289.175	300.326
7  	143   	15.0594 	6.77936 	296.002	2.20788    	289.205	300.341
8  	157   	15.7197 	6.32414 	291.564	36.5596    	35.0364	300.349
9  	144   	14.5069 	7.307   	297.62 	1.73124    	293.566	300.349
10 	143   	16.8706 	4.96657 	298.218	1.60848    	293.635	300.349
11 	145   	15.1921 	6.87754 	298.894	1.97298    	289.096	305.404
12 	143   	16.3287 	5.70152 	299.52 	1.81281    	289.155	305.404
13 	137   	15.4964 	6.51934 	299.989	1.54187    	293.649	305.404
14 	149   	17.1399 	4.27978 	300.412	1.12082    	295.811	305.404
15 	138   	17.0399 	4.79359 	300.802	1.60244    	293.701	305.404
16 	147   	17.6395 	3.6012  	301.196	1.69136    	293.885	305.404
17 	136   	17.4654 	3.826   	301.596	2.0774     	293.885	307.627
18 	142   	16.3539 	5.61474 	302.931	2.17143    	300.335	309.853
19 	135   	14.5015 	7.15164 	307.168	26.2531    	286.952	566.524
20 	133   	11.4226 	7.63751 	318.604	56.2173    	289.426	566.524
21 	140   	8.72714 	6.93924 	325.634	65.2447    	297.841	566.524
22 	143   	6.6986  	5.75224 	354.836	97.8247    	286.87 	566.524
23 	144   	6.4309  	6.04474 	400.643	121.213    	305.404	566.524
24 	138   	6.82826 	6.7643  	453.808	130.504    	289.2  	815.926
25 	131   	7.30076 	7.97795 	500.329	121.083    	309.853	815.926
26 	138   	10.2964 	10.0963 	544.195	106.696    	43.4547	815.926
27 	147   	12.4721 	12.1325 	575.404	71.7319    	281.988	815.926
28 	126   	19.1095 	11.1552 	588.899	71.3977    	564.063	815.926
29 	139   	18.8597 	11.6411 	578.469	104.741    	32.6682	815.926
30 	147   	18.4884 	12.0467 	603.934	89.0544    	566.524	815.926
n_hidden_neurons = 10
domain_upper = 1
domain_lower = -1
n_pop = 100
n_gens = 30
mutation_p = 0.2
cross_p = 0.5
Mu = 100
Lambda = 200
Algorithm = Mu + Lambda
Enemies = [1, 2, 4, 6]
