gen	nevals	life_avg	life_std	avg    	std        	min    	max    
0  	100   	17      	0       	286.827	5.68434e-14	286.827	286.827
1  	144   	15.8438 	4.18225 	287.049	0.937742   	286.827	294.018
2  	143   	15.3217 	5.53609 	287.725	2.37696    	286.827	300.299
3  	137   	15.8394 	4.76067 	289.357	3.31011    	286.827	300.299
4  	138   	16.1304 	4.74773 	291.547	3.40216    	286.827	300.304
5  	143   	16.0315 	5.80728 	293.306	3.06408    	286.949	300.304
6  	155   	16.4065 	5.06244 	294.694	3.04612    	286.899	300.299
7  	129   	16.2287 	5.33854 	296.362	3.27108    	289.202	300.299
8  	138   	17.1703 	4.37445 	297.92 	3.07767    	284.708	300.299
9  	147   	17.0612 	4.90172 	299.611	2.09539    	286.952	300.299
10 	146   	16.5959 	5.49916 	300.277	0.218864   	298.099	300.299
11 	146   	16.7637 	5.15719 	300.299	0          	300.299	300.299
12 	139   	16.1547 	5.96237 	300.344	0.316068   	300.299	302.556
13 	137   	16.6058 	5.40898 	300.389	0.442403   	300.299	302.556
14 	142   	17.1232 	4.7234  	300.457	0.576028   	300.299	302.556
15 	144   	16.0312 	6.1022  	300.479	0.612453   	300.299	302.556
16 	137   	17.1277 	4.7365  	300.615	0.783186   	300.299	302.556
17 	142   	17.3838 	4.47673 	300.796	0.934634   	300.299	302.556
18 	146   	17.0582 	4.89566 	300.844	1.55317    	289.199	302.557
19 	149   	16.9899 	4.71342 	301.295	1.11834    	300.299	302.557
20 	148   	16.9358 	4.75028 	301.701	1.09275    	300.299	302.557
21 	139   	16.4748 	5.39828 	302.309	0.704107   	300.299	302.557
22 	138   	17.1486 	4.6115  	302.556	0.000147974	302.556	302.557
23 	132   	16.4697 	5.23854 	302.556	0.000202844	302.556	302.557
24 	142   	17.1866 	4.32753 	302.211	2.09013    	285.784	302.557
25 	129   	16.0659 	5.87742 	302.557	0.000255985	302.556	302.557
26 	140   	16.7643 	5.11281 	302.423	1.32903    	289.199	302.557
27 	134   	16.459  	5.35983 	302.557	0.000101323	302.556	302.557
28 	139   	16.3309 	5.8231  	302.334	2.21859    	280.259	302.557
29 	130   	15.8923 	6.41272 	302.557	5.68434e-14	302.557	302.557
30 	145   	17.0103 	4.89844 	302.557	5.68434e-14	302.557	302.557
n_hidden_neurons = 10
domain_upper = 1
domain_lower = -1
n_pop = 100
n_gens = 30
mutation_p = 0.2
cross_p = 0.5
Mu = 100
Lambda = 200
Algorithm = Mu + Lambda
Enemies = [1, 2, 4, 6]
