gen	nevals	life_avg	life_std	avg    	std        	min    	max    
0  	100   	17      	0       	286.827	5.68434e-14	286.827	286.827
1  	145   	16.5172 	3.62197 	287.134	1.13009    	286.827	293.704
2  	131   	16.3779 	3.94092 	287.758	1.79508    	286.827	293.711
3  	140   	16.0893 	5.19453 	288.857	2.54503    	280.196	293.711
4  	142   	15.9437 	5.32801 	291.338	2.57759    	282.751	293.717
5  	143   	16.993  	4.18956 	292.681	1.93306    	286.958	295.947
6  	138   	16.8841 	4.52581 	294.15 	1.57651    	289.187	300.357
7  	137   	16.8029 	4.68511 	294.854	1.77476    	291.402	301.557
8  	140   	16.8643 	5.0412  	295.874	2.08572    	290.879	301.557
9  	131   	16.6908 	4.94337 	296.35 	2.12178    	293.608	301.557
10 	139   	16.8741 	4.7351  	297.526	2.20809    	291.461	301.557
11 	144   	16.2986 	5.68023 	298.076	2.24156    	291.454	301.557
12 	139   	17.464  	4.11684 	298.936	1.81398    	293.651	300.357
13 	139   	17.4496 	4.21256 	299.665	1.86552    	286.836	300.357
14 	141   	17.4539 	3.89758 	300.154	1.19506    	289.106	300.357
15 	138   	17.4746 	4.01326 	300.044	2.21469    	282.456	300.357
16 	132   	17.9091 	3.17353 	300.134	1.59407    	286.947	300.357
17 	135   	17.4593 	3.96748 	300.313	0.437532   	295.96 	300.357
18 	135   	17.7741 	3.44734 	300.357	5.68434e-14	300.357	300.357
19 	144   	17.2778 	4.28733 	300.357	5.68434e-14	300.357	300.357
20 	130   	17.6846 	3.75404 	300.357	5.68434e-14	300.357	300.357
21 	151   	17.2219 	4.60767 	300.357	5.68434e-14	300.357	300.357
22 	150   	17.6433 	3.67303 	300.357	5.68434e-14	300.357	300.357
23 	138   	17.1087 	5.0647  	300.357	5.68434e-14	300.357	300.357
24 	136   	17.5662 	3.97363 	300.357	5.68434e-14	300.357	300.357
25 	144   	17.8507 	3.21027 	300.357	5.68434e-14	300.357	300.357
26 	137   	17.2664 	4.33668 	300.357	5.68434e-14	300.357	300.357
27 	138   	17.9891 	3.32288 	300.357	5.68434e-14	300.357	300.357
28 	125   	17.668  	3.69645 	300.357	0.000988512	300.357	300.364
29 	143   	17.9091 	3.18027 	300.358	0.00178656 	300.357	300.365
30 	134   	17.9739 	3.10712 	300.358	0.00258885 	300.357	300.365
n_hidden_neurons = 10
domain_upper = 1
domain_lower = -1
n_pop = 100
n_gens = 30
mutation_p = 0.2
cross_p = 0.5
Mu = 100
Lambda = 200
Algorithm = Mu + Lambda
Enemies = [1, 2, 4, 6]
