gen	nevals	life_avg	avg      	std    	min     	max    
0  	100   	0       	-0.650593	10.377 	-7.28276	39.2538
1  	148   	0       	5.92909  	13.0722	-5.87493	39.2538
2  	128   	0       	13.5684  	11.9196	-5.79606	39.2538
3  	145   	0       	22.2715  	9.65334	-5.79606	47.8797
4  	153   	0       	25.1125  	6.33066	12.2193 	39.2538
5  	138   	0       	28.1541  	7.05949	21.7168 	48.0651
6  	143   	0       	31.1233  	8.21996	12.8295 	48.1028
7  	145   	0       	34.6851  	8.83845	11.8775 	56.9316
8  	140   	0       	39.9876  	8.73513	11.8494 	56.9316
9  	136   	0       	43.1835  	10.5515	4.01639 	74.5638
10 	139   	0       	49.5799  	8.67341	30.2009 	74.5638
11 	144   	0.331944	54.4427  	10.079 	30.3979 	88.043 
12 	141   	0.29078 	60.2413  	12.4422	21.4825 	88.043 
13 	140   	0.341429	67.8303  	15.643 	3.47854 	88.043 
14 	148   	3.38514 	73.7023  	12.0262	38.9479 	88.043 
15 	139   	6.22734 	79.2016  	11.7305	30.3198 	88.043 
16 	138   	8.4913  	80.5557  	14.8023	21.2667 	88.043 
17 	139   	14.6417 	87.0566  	4.40899	56.5047 	88.043 
18 	144   	28.7375 	87.0483  	5.17298	48.039  	88.043 
19 	146   	28.8342 	88.043   	0      	88.043  	88.043 
20 	151   	32.6053 	88.043   	0      	88.043  	88.043 
21 	134   	30.0209 	88.043   	0      	88.043  	88.043 
22 	134   	36.7418 	88.043   	0      	88.043  	88.043 
23 	134   	34.3015 	88.043   	0      	88.043  	88.043 
24 	143   	31.421  	87.657   	3.84139	49.4357 	88.043 
25 	135   	34.3452 	88.043   	0      	88.043  	88.043 
26 	136   	35.4985 	88.043   	0      	88.043  	88.043 
27 	146   	36.6685 	88.043   	0      	88.043  	88.043 
28 	133   	36.6586 	88.043   	0      	88.043  	88.043 
29 	142   	32.3155 	87.1557  	6.93632	21.8467 	88.043 
30 	132   	34.0394 	88.043   	0      	88.043  	88.043 
n_hidden_neurons = 10
domain_upper = 1
domain_lower = -1
n_pop = 100
n_gens = 30
mutation_p = 0.2
cross_p = 0.5
Mu = 100
Lambda = 200
Algorithm = Mu + Lambda
Enemies = [2, 4]
