gen	nevals	life_avg	life_std	avg    	std        	min    	max    
0  	100   	17      	0       	286.827	5.68434e-14	286.827	286.827
1  	143   	15.9825 	4.16924 	287.292	1.60094    	286.827	295.83 
2  	136   	16.1581 	4.63629 	288.139	2.0235     	286.827	295.83 
3  	151   	16.4437 	4.80154 	290.445	2.86653    	286.827	295.83 
4  	132   	15.9015 	6.23785 	292.408	2.48267    	286.827	295.83 
5  	149   	16.5503 	4.93438 	293.546	2.0572     	289.205	302.57 
6  	139   	16.8273 	4.78258 	294.648	1.84891    	289.207	302.57 
7  	143   	16.2657 	5.75241 	295.42 	2.06627    	284.706	298.12 
8  	133   	16.6241 	5.23917 	296.477	1.6043     	291.456	300.745
9  	136   	16.4081 	5.49371 	297.475	2.09848    	289.012	302.61 
10 	153   	16.1013 	5.75631 	297.534	2.57271    	289.012	302.61 
11 	124   	16.7742 	4.94256 	299.102	1.8095     	293.453	302.61 
12 	143   	15.7133 	6.52844 	299.77 	2.06423    	286.839	302.61 
13 	143   	16.5105 	5.45819 	300.352	1.92112    	291.441	302.61 
14 	128   	16.2539 	6.14442 	301.318	2.40237    	282.302	302.61 
15 	151   	16.2318 	6.14067 	302.249	0.78764    	300.32 	302.61 
16 	138   	16.4964 	5.70294 	302.432	1.56814    	286.939	302.61 
17 	143   	15.5594 	7.01484 	302.61 	5.68434e-14	302.61 	302.61 
18 	147   	14.966  	7.66511 	302.61 	5.68434e-14	302.61 	302.61 
19 	132   	15.9129 	6.15873 	302.61 	5.68434e-14	302.61 	302.61 
20 	142   	15.9542 	6.28291 	302.61 	5.68434e-14	302.61 	302.61 
21 	147   	16.0578 	6.12664 	302.428	1.80536    	284.465	302.61 
22 	138   	15.3587 	6.93212 	302.61 	5.68434e-14	302.61 	302.61 
23 	148   	16.5304 	5.64197 	302.475	1.33523    	289.19 	302.61 
24 	133   	16.7556 	5.55174 	302.61 	5.68434e-14	302.61 	302.61 
25 	133   	15.3008 	6.79256 	302.61 	5.68434e-14	302.61 	302.61 
26 	143   	16.4266 	5.71862 	302.61 	5.68434e-14	302.61 	302.61 
27 	136   	16.0551 	6.37858 	302.61 	5.68434e-14	302.61 	302.61 
28 	150   	15.1967 	6.99354 	302.61 	5.68434e-14	302.61 	302.61 
29 	141   	16.1667 	6.07158 	302.61 	5.68434e-14	302.61 	302.61 
30 	134   	16.6604 	5.26769 	302.61 	5.68434e-14	302.61 	302.61 
n_hidden_neurons = 10
domain_upper = 1
domain_lower = -1
n_pop = 100
n_gens = 30
mutation_p = 0.2
cross_p = 0.5
Mu = 100
Lambda = 200
Algorithm = Mu + Lambda
Enemies = [1, 2, 4, 6]
