gen	nevals	life_avg	avg     	std      	min     	max    
0  	100   	0       	-1.29835	8.95288  	-7.28207	21.882 
1  	137   	0       	5.05961 	11.3679  	-6.10032	21.7477
2  	131   	0       	12.1301 	11.0878  	-6.10032	30.5533
3  	135   	0       	21.3467 	7.22349  	2.95263 	48.1028
4  	138   	0       	23.0964 	4.66101  	3.60184 	30.5663
5  	142   	0       	25.1701 	5.69071  	3.60184 	48.1001
6  	138   	0       	27.2644 	6.45221  	3.60184 	48.1001
7  	141   	0       	29.2179 	5.03598  	12.6917 	48.1001
8  	141   	0       	29.6416 	5.07519  	3.60184 	48.1001
9  	140   	0       	31.5041 	5.68187  	21.4016 	48.1001
10 	141   	0       	34.409  	8.16574  	21.7168 	48.1565
11 	134   	0       	36.1564 	9.49621  	21.4016 	48.1565
12 	150   	0       	41.597  	9.51706  	21.4241 	56.9887
13 	142   	0       	42.8308 	9.2407   	12.4866 	56.9887
14 	132   	0       	46.9603 	6.68411  	21.4016 	56.9362
15 	143   	0       	48.5607 	5.52054  	21.6064 	57.0161
16 	138   	0       	48.4757 	5.88251  	21.4016 	57.0161
17 	134   	0       	48.7621 	4.39056  	21.4016 	57.0161
18 	141   	0       	47.9714 	7.62231  	21.4016 	57.0161
19 	146   	0       	48.7643 	7.03369  	12.5319 	57.0161
20 	137   	0       	49.4906 	5.22845  	21.4016 	57.0161
21 	127   	0       	50.5552 	4.66794  	38.8709 	57.0161
22 	142   	0       	52.237  	5.93755  	21.4016 	57.0161
23 	151   	0       	54.2747 	5.53538  	21.8409 	57.0161
24 	139   	0       	56.6585 	1.73852  	48.0339 	57.0161
25 	140   	0       	56.6604 	2.78116  	30.4548 	57.0161
26 	138   	0       	56.4837 	3.71063  	21.7477 	57.0161
27 	136   	0       	56.8395 	1.75587  	39.3688 	57.0161
28 	141   	0       	57.013  	0.0267756	56.7481 	57.0161
29 	127   	0       	57.0145 	0.0159446	56.8558 	57.0161
30 	142   	0       	56.5705 	3.64494  	21.4016 	57.0161
n_hidden_neurons = 10
domain_upper = 1
domain_lower = -1
n_pop = 100
n_gens = 30
mutation_p = 0.2
cross_p = 0.5
Mu = 100
Lambda = 200
Algorithm = Mu , Lambda
Enemies = [2, 4]
