gen	nevals	life_avg	life_std	avg     	std       	min     	max    
0  	100   	0       	0       	0.868785	11.0028   	-7.25347	39.2131
1  	144   	0       	0       	9.10401 	11.9132   	-5.95842	30.5663
2  	148   	0       	0       	17.5737 	9.07764   	-5.79606	39.2411
3  	145   	0       	0       	23.4207 	7.05089   	3.20394 	48.2602
4  	142   	0       	0       	26.6664 	7.68573   	12.4165 	48.2602
5  	142   	0       	0       	26.6    	8.53958   	3.9124  	48.2602
6  	134   	0       	0       	27.8471 	9.58861   	-5.78383	48.2602
7  	144   	0       	0       	29.1651 	9.27047   	-5.78074	48.0442
8  	130   	0       	0       	31.328  	10.9675   	-5.39363	48.1279
9  	139   	0       	0       	33.5172 	12.8336   	-5.41165	56.911 
10 	140   	0       	0       	40.6624 	9.85224   	12.5362 	57.0211
11 	143   	0       	0       	42.6287 	8.50065   	21.6387 	56.9132
12 	143   	0       	0       	46.3288 	6.33747   	21.6917 	56.9132
13 	143   	0       	0       	48.2673 	5.97565   	30.4393 	56.9838
14 	151   	0       	0       	49.3324 	8.39182   	12.5319 	56.9936
15 	144   	0       	0       	50.8342 	7.66971   	12.5319 	56.9838
16 	144   	0       	0       	47.9253 	9.06424   	12.5362 	57.0211
17 	135   	0       	0       	49.5113 	8.1706    	21.3942 	57.0287
18 	138   	0       	0       	53.6648 	5.82181   	30.4355 	57.0287
19 	137   	0       	0       	55.6258 	3.83893   	30.4987 	57.0287
20 	132   	0       	0       	55.5556 	4.4622    	30.5277 	57.0287
21 	147   	0       	0       	55.6684 	4.40962   	30.4825 	57.0287
22 	147   	0       	0       	55.68   	4.23435   	30.4241 	57.0287
23 	137   	0       	0       	56.8406 	1.25358   	48.039  	57.0287
24 	138   	0       	0       	56.3072 	3.89823   	21.6577 	57.0287
25 	129   	0       	0       	56.6566 	1.75934   	48.0339 	57.0287
26 	150   	0       	0       	57.021  	0.0234752 	56.8974 	57.0287
27 	144   	0       	0       	56.6607 	1.76167   	48.0211 	57.0287
28 	143   	0       	0       	56.8458 	1.2582    	48.0186 	57.0287
29 	144   	0       	0       	57.0286 	0.00103321	57.0211 	57.0287
30 	135   	0       	0       	56.9389 	0.894211  	48.0416 	57.0287
n_hidden_neurons = 10
domain_upper = 1
domain_lower = -1
n_pop = 100
n_gens = 30
mutation_p = 0.2
cross_p = 0.5
Mu = 100
Lambda = 200
Algorithm = Mu, Lambda
Enemies = [2, 4]
