gen	nevals	life_avg	avg      	std    	min     	max    
0  	100   	0       	-0.854117	9.0751 	-7.28482	21.8182
1  	146   	0       	7.89548  	11.8091	-6.10032	30.5111
2  	137   	0       	17.953   	10.7979	-5.79606	48.0364
3  	130   	0       	21.8798  	6.55316	3.26021 	48.4785
4  	139   	0       	22.3825  	4.91521	3.51106 	38.6148
5  	138   	0       	23.2795  	5.89713	-5.77144	39.3979
6  	141   	0       	25.0405  	6.96266	-5.53339	39.9761
7  	145   	0       	27.6198  	7.62382	-4.99043	39.9761
8  	136   	0       	28.6748  	6.12873	11.9503 	39.447 
9  	144   	0       	30.8429  	7.42767	3.60184 	48.1919
10 	130   	0       	32.2528  	6.02107	3.60184 	48.1919
11 	141   	0       	33.2428  	5.66434	21.3979 	48.1919
12 	142   	0       	35.0885  	6.13821	21.6387 	57.0757
13 	129   	0       	37.0297  	6.96401	22.0442 	56.8159
14 	141   	0       	38.866   	7.50739	21.753  	56.8325
15 	144   	0       	38.7637  	6.68854	12.753  	56.8537
16 	140   	0       	39.5241  	7.90913	11.9339 	56.8159
17 	140   	0       	40.82    	10.8814	-5.78383	56.9201
18 	138   	0       	41.4362  	9.7735 	3.60184 	56.8863
19 	136   	0       	44.4861  	9.3706 	21.4393 	56.8797
20 	133   	0       	47.3404  	9.75706	21.727  	66.5152
21 	141   	0       	52.1248  	8.5915 	21.6721 	66.5152
22 	140   	0       	53.3987  	6.92158	30.3301 	66.5152
23 	151   	0       	54.5044  	6.73324	30.3301 	66.5152
24 	126   	0       	55.975   	3.65401	38.979  	66.5152
25 	136   	0       	54.9274  	6.57952	21.6721 	66.5152
26 	141   	0       	53.0785  	9.00776	-5.41165	56.8908
27 	160   	0       	53.0599  	8.69311	-5.41165	56.8908
28 	136   	0       	54.6435  	4.75304	38.8908 	56.8997
29 	138   	0       	54.2226  	5.64733	30.4016 	56.8997
30 	127   	0       	54.4279  	7.23126	3.59283 	56.8908
n_hidden_neurons = 10
domain_upper = 1
domain_lower = -1
n_pop = 100
n_gens = 30
mutation_p = 0.2
cross_p = 0.5
Mu = 100
Lambda = 200
Algorithm = Mu , Lambda
Enemies = [2, 4]
