gen	nevals	life_avg	avg      	std    	min     	max    
0  	100   	0       	0.0341469	10.3614	-7.28207	30.5663
1  	140   	0       	0.758184 	8.92306	-7.25347	21.7477
2  	144   	0       	4.4965   	8.98396	-5.84932	21.7477
3  	134   	0       	11.1473  	9.77157	-5.78383	48.0011
4  	146   	0       	19.8196  	7.79055	3.02365 	48.4432
5  	139   	0       	22.7351  	5.86434	-5.19296	38.9042
6  	141   	0       	22.6931  	3.91842	3.39053 	38.9042
7  	134   	0       	25.1709  	5.06739	21.7477 	39.5404
8  	138   	0       	25.4946  	7.54099	3.7168  	75.257 
9  	133   	0       	26.6887  	4.66011	12.5194 	39.5404
10 	144   	0       	28.317   	4.74316	12.5362 	39.5404
11 	135   	0       	29.1075  	4.0764 	12.5235 	38.729 
12 	137   	0       	29.218   	4.32093	20.7715 	39.1139
13 	145   	0       	28.8837  	4.8941 	12.753  	39.4548
14 	146   	0       	29.4638  	5.21801	21.7477 	39.6064
15 	146   	0       	28.4013  	4.5465 	21.7168 	39.6064
16 	143   	0       	27.8021  	5.18683	3.60184 	39.6064
17 	134   	0       	29.5103  	3.8839 	21.7477 	39.4548
18 	140   	0       	29.9702  	3.46316	21.7219 	39.4548
19 	157   	0       	30.3383  	3.29957	12.8126 	39.5235
20 	148   	0       	30.7905  	1.98256	21.7477 	39.5235
21 	145   	0       	30.7965  	0.87029	30.6434 	39.4548
22 	142   	0       	30.8843  	1.75243	21.727  	39.4548
23 	126   	0       	31.6732  	3.00869	21.7477 	39.4548
24 	138   	0       	33.1427  	4.28771	21.7477 	39.4548
25 	134   	0       	32.9315  	5.03267	21.7219 	39.4666
26 	149   	0       	33.9491  	6.05695	12.6064 	39.4666
27 	145   	0       	34.3275  	6.34748	11.8097 	39.5152
28 	149   	0       	34.0018  	7.91451	2.89298 	39.5619
29 	145   	0       	35.7875  	5.65439	20.8179 	39.4666
30 	146   	0       	36.8121  	6.87442	11.2858 	39.5928
n_hidden_neurons = 10
domain_upper = 1
domain_lower = -1
n_pop = 100
n_gens = 30
mutation_p = 0.2
cross_p = 0.5
Mu = 100
Lambda = 200
Algorithm = Mu , Lambda
Enemies = [2, 4]
