gen	nevals	life_avg	avg     	std        	min     	max    
0  	100   	0       	-1.38193	9.25051    	-7.28207	39.3301
1  	140   	0       	2.58559 	10.8615    	-6.39192	39.3301
2  	137   	0       	11.3172 	9.96647    	-5.79606	30.5663
3  	132   	0       	17.8553 	11.7864    	-5.87493	48.0085
4  	146   	0       	23.5139 	8.08402    	2.89298 	48.1652
5  	134   	0       	24.4066 	7.81256    	2.89298 	48.0313
6  	140   	0       	27.6971 	9.89558    	3.45092 	56.9863
7  	130   	0       	30.1517 	10.6451    	3.60184 	56.9863
8  	138   	0       	29.9556 	10.1906    	3.60637 	56.9863
9  	137   	0       	32.2438 	12.2005    	2.98873 	56.9863
10 	152   	0       	33.9296 	10.3295    	12.6155 	56.9863
11 	141   	0       	37.2605 	11.0961    	3.41275 	56.9863
12 	134   	0       	37.1598 	11.6866    	-5.78383	56.9863
13 	134   	0       	40.3315 	10.4661    	12.1421 	56.9863
14 	147   	0       	42.5273 	11.7554    	12.4128 	56.9863
15 	131   	0       	47.473  	9.35709    	21.5576 	56.9863
16 	134   	0       	49.1449 	8.5808     	21.6387 	56.9863
17 	148   	0       	48.4343 	11.1858    	-5.78383	56.9863
18 	146   	0       	49.8493 	9.46475    	3.63402 	56.9863
19 	141   	0       	51.4429 	10.9302    	-5.42495	56.9863
20 	157   	0       	51.0005 	11.5344    	3.21617 	56.9863
21 	144   	0       	52.4379 	10.6985    	-5.43372	56.9863
22 	143   	0       	54.7493 	7.57965    	12.5028 	56.9863
23 	136   	0       	56.5474 	3.14828    	30.5362 	57.2634
24 	142   	0       	56.7224 	2.62567    	30.5973 	56.9863
25 	135   	0       	56.9863 	2.13163e-14	56.9863 	56.9863
26 	143   	0       	56.9863 	2.13163e-14	56.9863 	56.9863
27 	137   	0       	56.9863 	2.13163e-14	56.9863 	56.9863
28 	158   	0       	56.9863 	2.13163e-14	56.9863 	56.9863
29 	142   	0       	55.9205 	6.95455    	-5.78383	57.2634
30 	153   	0       	56.1079 	6.72439    	-5.4161 	57.2634
n_hidden_neurons = 10
domain_upper = 1
domain_lower = -1
n_pop = 100
n_gens = 30
mutation_p = 0.2
cross_p = 0.5
Mu = 100
Lambda = 200
Algorithm = Mu , Lambda
Enemies = [2, 4]
