gen	nevals	life_avg	avg      	std     	min     	max    
0  	100   	0       	-0.899006	9.15253 	-7.31122	21.807 
1  	129   	0       	8.093    	11.8281 	-6.27664	30.3301
2  	148   	0       	17.3571  	8.99833 	-5.79606	30.3301
3  	149   	0       	21.0482  	5.33115 	-6.00389	30.5362
4  	133   	0       	22.3478  	3.83337 	3.69173 	39.3336
5  	143   	0       	22.1981  	2.60198 	12.7477 	39.337 
6  	139   	0       	21.9222  	3.38352 	-5.79606	30.6064
7  	144   	0       	22.278   	3.28606 	3.60184 	30.6018
8  	141   	0       	22.462   	2.38786 	21.7477 	30.6018
9  	133   	0       	22.1949  	2.62611 	12.4785 	30.6018
10 	136   	0       	22.4676  	2.37235 	21.7425 	30.6819
11 	138   	0       	23.8757  	4.50839 	12.3029 	39.3616
12 	132   	0       	27.4218  	7.70936 	12.9696 	48.1889
13 	134   	0       	29.342   	7.55096 	12.5277 	48.1889
14 	142   	0       	32.9291  	6.6694  	21.1335 	48.1919
15 	128   	0       	34.3473  	6.59132 	21.796  	48.1919
16 	129   	0       	36.6257  	6.17877 	21.4278 	48.1919
17 	152   	0       	41.7281  	6.56858 	21.5795 	56.9479
18 	137   	0       	42.8675  	5.7115  	30.3164 	56.9479
19 	142   	0       	44.8069  	6.91613 	30.4509 	56.9838
20 	132   	0       	47.0211  	6.31375 	30.4203 	56.9838
21 	140   	0       	48.0703  	7.64365 	21.4053 	57.0262
22 	136   	0       	48.422   	8.1493  	21.4053 	57.0262
23 	134   	0       	50.9805  	7.9795  	21.5795 	57.0262
24 	147   	0       	51.4339  	8.49936 	21.5028 	57.0262
25 	144   	0       	53.6336  	6.92738 	30.4706 	57.0262
26 	135   	0       	55.4048  	5.64191 	21.5619 	57.0262
27 	141   	0       	56.382   	2.58089 	39.3336 	57.0262
28 	132   	0       	56.8242  	1.24838 	48.0731 	57.0262
29 	128   	0       	56.9247  	0.876299	48.207  	57.0262
30 	142   	0       	56.4829  	3.73737 	21.4355 	57.0262
n_hidden_neurons = 10
domain_upper = 1
domain_lower = -1
n_pop = 100
n_gens = 30
mutation_p = 0.2
cross_p = 0.5
Mu = 100
Lambda = 200
Algorithm = Mu , Lambda
Enemies = [2, 4]
