gen	nevals	life_avg	life_std	avg     	std    	min     	max    
0  	100   	0       	0       	-2.09748	8.01134	-7.29641	30.2634
1  	129   	0       	0       	5.7386  	11.6015	-7.03262	30.2634
2  	131   	0       	0       	13.8693 	10.8164	-5.79606	30.634 
3  	146   	0       	0       	20.1539 	7.05323	-5.78383	47.3154
4  	138   	0       	0       	23.8737 	5.024  	3.92483 	30.6819
5  	143   	0       	0       	24.4579 	4.81092	3.38687 	30.6721
6  	138   	0       	0       	25.6118 	6.17854	3.39053 	48.1111
7  	132   	0       	0       	27.9184 	6.82017	21.6868 	48.0339
8  	138   	0       	0       	30.4589 	8.11713	3.58835 	48.207 
9  	148   	0       	0       	31.2363 	7.9372 	12.0974 	48.207 
10 	138   	0       	0       	32.9642 	8.33196	21.4016 	48.207 
11 	132   	0       	0       	34.1983 	8.1765 	21.4016 	57.2797
12 	156   	0       	0       	33.1833 	7.79466	12.1195 	48.1565
13 	159   	0       	0       	32.08   	6.85799	21.4016 	48.1565
14 	129   	0       	0       	32.9302 	7.6119 	21.6434 	57.2732
15 	150   	0       	0       	34.5801 	10.2923	13.0442 	57.2732
16 	142   	0       	0       	38.6759 	10.7468	21.5028 	57.2732
17 	141   	0       	0       	39.1814 	10.1321	21.6721 	56.8409
18 	139   	0       	0       	43.837  	8.53043	21.7117 	57.0135
19 	139   	0       	0       	45.6367 	9.34907	12.4165 	57.0262
20 	145   	0       	0       	48.0257 	8.96628	21.4016 	57.0262
21 	144   	0       	0       	50.775  	6.18978	21.753  	57.0211
22 	148   	0       	0       	51.0321 	7.86361	21.4053 	57.0211
23 	141   	0       	0       	54.69   	3.8765 	48.0784 	57.0211
24 	132   	0       	0       	54.8744 	3.78617	48.0784 	57.0211
25 	138   	0       	0       	55.2294 	4.86142	21.4947 	57.0211
26 	142   	0       	0       	54.8834 	6.64028	21.4016 	57.0211
27 	139   	0       	0       	56.2153 	4.00061	21.4016 	57.0211
28 	144   	0       	0       	56.7519 	1.52541	48.0339 	57.0262
29 	144   	0       	0       	56.3105 	4.10934	21.4016 	57.0262
30 	134   	0       	0       	56.8393 	1.26717	47.8388 	57.0262
n_hidden_neurons = 10
domain_upper = 1
domain_lower = -1
n_pop = 100
n_gens = 30
mutation_p = 0.2
cross_p = 0.5
Mu = 100
Lambda = 200
Algorithm = Mu, Lambda
Enemies = [2, 4]
