gen	nevals	life_avg	life_std	avg     	std       	min     	max    
0  	100   	0       	0       	-1.03266	8.49416   	-7.28207	21.7477
1  	135   	0       	0       	5.19134 	11.7775   	-5.88053	38.0793
2  	142   	0       	0       	15.5588 	10.5697   	-5.77455	47.8644
3  	135   	0       	0       	20.7934 	8.02802   	-5.54518	47.8644
4  	137   	0       	0       	23.3308 	6.13413   	3.20394 	47.8644
5  	140   	0       	0       	25.2071 	6.94643   	2.85581 	47.8644
6  	139   	0       	0       	27.3567 	6.85105   	3.7067  	48.1251
7  	133   	0       	0       	28.135  	7.09085   	3.62936 	48.1251
8  	137   	0       	0       	29.3979 	7.29812   	11.7084 	48.1251
9  	142   	0       	0       	29.2727 	9.16151   	-5.79606	48.1251
10 	144   	0       	0       	32.1082 	9.54025   	12.7583 	65.8473
11 	139   	0       	0       	33.1829 	9.35957   	21.4016 	65.8473
12 	125   	0       	0       	34.1415 	10.4506   	3.57947 	65.8473
13 	144   	0       	0       	36.6843 	12.0038   	3.35455 	65.8473
14 	129   	0       	0       	40.2865 	10.4193   	21.5069 	65.8473
15 	145   	0       	0       	40.9917 	9.86755   	21.4317 	65.8473
16 	143   	0       	0       	43.352  	8.54052   	12.2348 	65.8473
17 	140   	0       	0       	45.937  	5.34768   	21.4706 	48.1889
18 	136   	0       	0       	47.8778 	1.95305   	30.4706 	48.1919
19 	142   	0       	0       	47.889  	1.9637    	30.4432 	48.1889
20 	142   	0       	0       	48.1748 	0.0248667 	48.1251 	48.1889
21 	132   	0       	0       	48.0063 	1.7617    	30.4785 	48.1889
22 	137   	0       	0       	48.1889 	0         	48.1889 	48.1889
23 	131   	0       	0       	48.1849 	3.08007   	21.4165 	56.9814
24 	141   	0       	0       	48.0114 	1.76567   	30.4432 	48.1889
25 	140   	0       	0       	47.4772 	4.11564   	21.4053 	48.1889
26 	140   	0       	0       	47.8335 	2.48323   	30.4432 	48.1919
27 	143   	0       	0       	48.189  	0.00119879	48.1889 	48.2009
28 	134   	0       	0       	47.9216 	2.66002   	21.4548 	48.2009
29 	136   	0       	0       	47.8344 	2.48108   	30.4432 	48.1889
30 	156   	0       	0       	48.1882 	0.00606711	48.1279 	48.1889
n_hidden_neurons = 10
domain_upper = 1
domain_lower = -1
n_pop = 100
n_gens = 30
mutation_p = 0.2
cross_p = 0.5
Mu = 100
Lambda = 200
Algorithm = Mu, Lambda
Enemies = [2, 4]
