gen	nevals	life_avg	life_std	avg     	std        	min     	max    
0  	100   	0       	0       	-1.60424	8.5863     	-7.31122	39.4548
1  	154   	0       	0       	9.68342 	12.9076    	-5.87493	39.4548
2  	132   	0       	0       	18.3582 	11.3359    	-5.78996	47.418 
3  	144   	0       	0       	24.8204 	9.00183    	-5.79606	47.418 
4  	135   	0       	0       	27.6771 	7.79491    	12.549  	48.2699
5  	145   	0       	0       	26.8243 	7.27863    	-5.79606	47.418 
6  	144   	0       	0       	29.2703 	9.54245    	-5.76205	47.9042
7  	138   	0       	0       	34.1461 	8.08054    	12.313  	48.0838
8  	139   	0       	0       	35.9514 	7.77781    	12.7067 	56.911 
9  	141   	0       	0       	37.0555 	9.78234    	3.0572  	56.911 
10 	133   	0       	0       	39.6169 	8.28243    	12.4393 	57.0731
11 	142   	0       	0       	41.9301 	6.59994    	21.4241 	65.6491
12 	133   	0       	0       	43.4053 	8.08909    	12.5319 	65.6491
13 	143   	0       	0       	43.9557 	7.58318    	21.5884 	57.039 
14 	140   	0       	0       	43.5299 	7.13217    	21.4825 	56.9645
15 	153   	0       	0       	46.1925 	8.18778    	21.1279 	56.9132
16 	138   	0       	0       	48.8204 	8.48365    	21.447  	56.9132
17 	136   	0       	0       	50.9971 	7.98784    	21.727  	56.9247
18 	126   	0       	0       	51.368  	8.13837    	21.2699 	56.9247
19 	143   	0       	0       	53.4807 	7.88818    	11.9132 	56.9339
20 	145   	0       	0       	55.8682 	3.55803    	39.0704 	56.9155
21 	137   	0       	0       	56.4625 	3.67966    	20.9479 	56.9155
22 	134   	0       	0       	56.5531 	2.17528    	38.9042 	56.9155
23 	143   	0       	0       	56.0373 	5.12614    	20.8262 	57.6064
24 	134   	0       	0       	56.566  	2.84758    	29.7029 	57.6064
25 	141   	0       	0       	56.8424 	0.796821   	48.9438 	57.6064
26 	146   	0       	0       	56.5542 	3.5951     	20.7834 	56.9155
27 	145   	0       	0       	56.4694 	4.43823    	12.3096 	56.9155
28 	143   	0       	0       	56.9155 	2.84217e-14	56.9155 	56.9155
29 	138   	0       	0       	57.3031 	1.89902    	56.9155 	66.6064
30 	142   	0       	0       	57.4868 	2.26306    	56.9155 	66.6064
n_hidden_neurons = 10
domain_upper = 1
domain_lower = -1
n_pop = 100
n_gens = 30
mutation_p = 0.2
cross_p = 0.5
Mu = 100
Lambda = 200
Algorithm = Mu, Lambda
Enemies = [2, 4]
