gen	nevals	life_avg	life_std	avg    	std        	min    	max    
0  	100   	17      	0       	286.827	5.68434e-14	286.827	286.827
1  	136   	16.1176 	3.99045 	287.739	1.95276    	286.827	295.807
2  	146   	15.8459 	5.0435  	289.467	3.05103    	284.037	298.123
3  	149   	15.8758 	5.29559 	291.114	2.7147     	286.796	298.123
4  	146   	15.7466 	5.81338 	292.239	2.81742    	286.797	298.073
5  	142   	17.0141 	4.05288 	292.782	2.37275    	286.895	298.073
6  	142   	16.6444 	4.92356 	294.206	2.29509    	286.858	300.308
7  	135   	17.4444 	4.04771 	294.93 	1.95856    	289.243	300.308
8  	142   	17.2394 	3.90229 	295.352	2.32285    	291.266	300.355
9  	139   	17.205  	4.34767 	296.328	2.298      	286.862	304.096
10 	143   	17.4091 	4.04461 	296.544	2.99298    	284.554	304.096
11 	130   	16.9731 	4.35948 	297.216	3.10062    	284.669	304.096
12 	139   	17.1871 	3.9156  	298.069	3.11559    	287.011	304.096
13 	138   	17.6884 	2.46071 	297.713	2.82427    	289.206	304.096
14 	144   	16.5729 	4.98782 	296.876	3.43438    	280.186	300.366
15 	135   	17.2296 	4.18098 	298.505	1.9338     	291.468	304.042
16 	141   	17.4787 	3.63146 	298.67 	2.40676    	286.952	304.042
17 	151   	17.149  	4.14745 	298.997	2.39131    	289.079	304.042
18 	141   	16.6241 	5.06733 	299.097	2.99783    	286.865	304.042
19 	139   	16.8705 	4.48713 	299.997	1.99608    	291.368	304.042
20 	132   	17.4242 	3.77215 	300.152	1.71619    	291.453	304.042
21 	138   	17.029  	4.55791 	300.696	1.43357    	293.702	304.042
22 	145   	16.4897 	4.79888 	300.279	2.25777    	286.952	304.042
23 	148   	16.1845 	5.15749 	300.079	2.94267    	286.569	304.042
24 	144   	15.5486 	5.29226 	300.842	1.96975    	293.702	304.042
25 	141   	16.039  	5.30792 	301.122	2.28581    	291.362	304.042
26 	137   	14.8526 	5.81677 	303.613	25.5941    	291.224	556.865
27 	139   	14.223  	6.18776 	311.997	50.0465    	291.452	556.865
28 	130   	11.9677 	6.626   	324.47 	73.1641    	286.094	556.865
29 	150   	11.75   	6.05039 	342.723	93.5156    	286.867	556.865
30 	141   	11.9957 	5.43016 	371.109	113.016    	288.307	556.865
n_hidden_neurons = 10
domain_upper = 1
domain_lower = -1
n_pop = 100
n_gens = 30
mutation_p = 0.2
cross_p = 0.5
Mu = 100
Lambda = 200
Algorithm = Mu, Lambda
Enemies = [1, 2, 4, 6]
