gen	nevals	life_avg	life_std	avg    	std        	min    	max    
0  	100   	17      	0       	286.827	5.68434e-14	286.827	286.827
1  	134   	15.3134 	5.04409 	287.868	2.34886    	286.827	297.945
2  	129   	15.4264 	5.59938 	289.068	2.34967    	286.827	295.887
3  	143   	15.6958 	5.67938 	290.782	2.65011    	284.615	298.108
4  	136   	15.5772 	6.38296 	291.61 	2.95144    	280.192	298.108
5  	136   	15.6507 	6.51647 	293.496	2.71961    	284.548	298.108
6  	136   	15.636  	6.45586 	293.585	3.40167    	276.367	298.126
7  	147   	15.8163 	6.12652 	294.065	2.50987    	286.944	298.126
8  	133   	16.2632 	5.74082 	294.978	2.48958    	282.376	298.126
9  	143   	17.4336 	3.98171 	295.921	2.25366    	289.2  	302.555
10 	143   	17.7902 	3.17134 	296.622	2.40404    	289.202	302.555
11 	136   	16.5662 	5.2345  	297.045	2.85228    	289.048	302.555
12 	146   	16.1233 	5.76318 	297.327	2.89834    	291.326	302.556
13 	143   	16.9615 	4.74787 	297.405	3.91678    	284.706	302.556
14 	147   	17.3231 	4.39186 	297.806	3.7844     	287.05 	302.556
15 	140   	17.1679 	4.48195 	298.336	3.62409    	286.825	302.556
16 	140   	17.0464 	4.54104 	299.401	3.42459    	286.793	302.556
17 	137   	17.5547 	3.71458 	300.668	3.2729     	289.195	302.557
18 	137   	17.8102 	3.14499 	301.642	2.4613     	291.438	302.557
19 	130   	17.0808 	4.66278 	302.332	1.28373    	293.681	302.557
20 	151   	17.8742 	3.17754 	302.268	1.64993    	291.452	302.557
21 	156   	17.1571 	4.60414 	302.156	1.97296    	291.452	302.557
22 	136   	17.9743 	2.85902 	302.534	0.221618   	300.329	302.557
23 	140   	17.7107 	3.41691 	302.556	0.000184629	302.556	302.557
24 	140   	18.1964 	1.98988 	302.423	0.933052   	293.684	302.557
25 	137   	17.7482 	3.45414 	302.557	0.000261377	302.556	302.557
26 	148   	17.6149 	3.7408  	302.288	1.46284    	291.349	302.557
27 	149   	17.9698 	3.23116 	302.29 	1.78801    	286.952	302.557
28 	133   	17.9023 	3.058   	302.535	0.221665   	300.329	302.557
29 	145   	17.731  	3.23186 	302.489	0.383715   	300.307	302.557
30 	132   	18.2652 	1.94862 	302.49 	0.667864   	295.845	302.557
n_hidden_neurons = 10
domain_upper = 1
domain_lower = -1
n_pop = 100
n_gens = 30
mutation_p = 0.2
cross_p = 0.5
Mu = 100
Lambda = 200
Algorithm = Mu, Lambda
Enemies = [1, 2, 4, 6]
