gen	nevals	life_avg	life_std	avg    	std        	min    	max    
0  	100   	17      	0       	286.827	5.68434e-14	286.827	286.827
1  	142   	15.8063 	4.50151 	287.174	1.10654    	284.846	291.301
2  	147   	15.6769 	5.03518 	288.277	2.42175    	286.827	297.09 
3  	141   	15.4645 	5.03979 	290.082	3.46573    	286.827	299.913
4  	140   	15.8221 	5.35382 	291.777	3.54766    	284.693	299.797
5  	150   	15.875  	5.30265 	292.733	3.67085    	286.345	299.797
6  	130   	14.9923 	6.28582 	293.307	3.38008    	289.015	301.898
7  	135   	14.663  	6.05311 	293.786	3.17019    	284.704	299.797
8  	146   	13.9007 	6.2119  	294.441	3.04646    	284.746	299.887
9  	144   	13.4229 	6.24108 	295.477	2.95649    	282.654	302.013
10 	140   	11.825  	6.43176 	296.606	2.39453    	284.657	301.842
11 	137   	10.9288 	6.50666 	297.033	2.48542    	286.802	301.842
12 	143   	10.7657 	6.21492 	297.686	1.85193    	285.451	301.842
13 	145   	10.5028 	5.50314 	298.101	2.11264    	286.856	302.182
14 	144   	11.1382 	6.0469  	298.031	2.6042     	282.378	304.417
15 	145   	10.5972 	6.26261 	298.743	3.36132    	283.487	304.417
16 	138   	11.8116 	5.70094 	299.625	3.09967    	286.952	304.417
17 	155   	11.2752 	6.63157 	297.971	26.6023    	34.913 	304.417
18 	150   	11.3133 	6.37614 	300.818	3.8158     	281.779	304.417
19 	147   	11.8095 	5.5314  	301.273	3.82313    	283.218	304.417
20 	138   	10.8351 	6.6931  	299.56 	25.9781    	43.8127	304.417
21 	136   	11.2658 	6.49394 	303.484	2.37492    	288.114	304.417
22 	137   	12.2821 	6.53961 	301.489	26.8191    	34.8705	304.417
23 	133   	14.5053 	5.06372 	304.417	5.68434e-14	304.417	304.417
24 	137   	13.7409 	6.10316 	304.417	5.68434e-14	304.417	304.417
25 	141   	13.8227 	6.27986 	304.417	5.68434e-14	304.417	304.417
26 	146   	13.2866 	6.65316 	301.699	27.0426    	32.6288	304.417
27 	141   	13.2766 	6.61221 	304.417	5.68434e-14	304.417	304.417
28 	147   	12.8816 	7.03809 	304.49 	0.724912   	304.417	311.702
29 	135   	13.9296 	6.04096 	304.417	5.68434e-14	304.417	304.417
30 	149   	13.3919 	6.34881 	304.417	5.68434e-14	304.417	304.417
n_hidden_neurons = 10
domain_upper = 1
domain_lower = -1
n_pop = 100
n_gens = 30
mutation_p = 0.2
cross_p = 0.5
Mu = 100
Lambda = 200
Algorithm = Mu, Lambda
Enemies = [1, 2, 4, 6]
