gen	nevals	life_avg	life_std	avg    	std        	min    	max    
0  	100   	17      	0       	286.827	5.68434e-14	286.827	286.827
1  	137   	16.3358 	4.18989 	287.461	1.54376    	286.827	293.622
2  	145   	16.0103 	4.36185 	288.418	2.24772    	284.616	293.651
3  	135   	15.9    	4.92943 	290.042	2.29162    	286.827	293.705
4  	148   	15.0034 	5.99366 	291.08 	2.3715     	284.679	298.118
5  	133   	16.4102 	5.15389 	292.305	2.31896    	286.843	300.272
6  	153   	16.7516 	5.1656  	293.476	2.12398    	286.953	298.096
7  	133   	16.2594 	5.28816 	294.137	2.47092    	286.85 	298.102
8  	137   	16.8978 	4.92133 	294.952	2.81618    	282.458	298.155
9  	145   	17      	5.47691 	295.534	2.76056    	286.89 	300.272
10 	142   	17.7042 	4.38594 	295.955	3.07685    	282.252	302.556
11 	143   	17.2552 	4.41385 	297.424	2.14571    	286.953	302.556
12 	136   	17.1324 	4.45329 	297.624	2.19001    	289.203	302.556
13 	142   	17.8979 	3.90311 	297.593	2.00721    	291.395	302.556
14 	156   	17.641  	4.17363 	297.812	2.66817    	286.952	302.556
15 	131   	17.7252 	3.32192 	298.666	2.77905    	291.447	302.556
16 	151   	17.5762 	3.68357 	300.062	3.29036    	287.001	302.556
17 	140   	18.4    	1.88244 	301.711	1.90508    	293.719	302.556
18 	145   	17.5103 	3.78266 	302.4  	0.902618   	295.92 	302.556
19 	143   	18.021  	3.45595 	302.132	1.80307    	291.352	302.556
20 	142   	17.5845 	4.05637 	302.355	1.99981    	282.457	302.556
21 	127   	17.689  	3.22693 	302.4  	1.55254    	286.952	302.556
22 	131   	17.4198 	4.03081 	302.556	5.68434e-14	302.556	302.556
23 	130   	17.9308 	2.96891 	302.556	5.68434e-14	302.556	302.556
24 	132   	17.9924 	2.79406 	302.445	1.10707    	291.429	302.556
25 	130   	18.1808 	3.13541 	302.444	1.10807    	291.419	302.556
26 	133   	18.0526 	2.56074 	302.445	1.10479    	291.452	302.556
27 	144   	18.2083 	2.21775 	302.4  	1.55201    	286.958	302.556
28 	141   	17.6312 	3.66004 	302.511	0.442796   	298.106	302.556
29 	135   	18.1926 	2.24185 	302.511	0.442936   	298.104	302.556
30 	135   	17.6111 	3.70818 	302.422	1.3322     	289.167	302.556
n_hidden_neurons = 10
domain_upper = 1
domain_lower = -1
n_pop = 100
n_gens = 30
mutation_p = 0.2
cross_p = 0.5
Mu = 100
Lambda = 200
Algorithm = Mu, Lambda
Enemies = [1, 2, 4, 6]
