gen	nevals	life_avg	life_std	avg    	std        	min    	max    
0  	100   	17      	0       	286.827	5.68434e-14	286.827	286.827
1  	139   	15.9676 	4.63767 	288.004	2.7839     	286.808	298.028
2  	141   	16.3617 	4.91239 	289.369	2.61832    	286.827	298.026
3  	135   	16.9778 	4.7375  	291.077	2.66821    	286.827	298.106
4  	136   	16.0846 	5.44982 	293.063	2.7251     	286.952	301.804
5  	140   	16.8071 	4.48035 	294.301	3.2829     	286.957	302.574
6  	144   	16.4236 	5.0385  	295.38 	3.08844    	282.532	302.49 
7  	136   	15.8529 	5.55392 	295.589	3.22901    	285.301	302.49 
8  	135   	16.1852 	6.10274 	295.54 	2.97525    	286.849	302.49 
9  	130   	16.1269 	5.96829 	296.036	3.5372     	284.702	302.576
10 	131   	15.2099 	6.23275 	295.043	3.58193    	280.103	302.49 
11 	124   	16.7823 	4.37056 	296.19 	3.14289    	289.162	302.516
12 	149   	16.9195 	5.06669 	296.038	2.80012    	286.827	302.516
13 	138   	16.6087 	4.6136  	296.514	3.5866     	286.957	302.516
14 	130   	15.6269 	6.10464 	297.331	3.37623    	289.106	302.516
15 	128   	16.1562 	5.37854 	297.725	2.9193     	289.106	302.516
16 	128   	16.8711 	4.49185 	298.539	2.15859    	291.357	302.516
17 	131   	16.4885 	5.74239 	299.612	3.00248    	286.957	302.556
18 	147   	15.4252 	6.17168 	299.191	3.77039    	284.999	302.556
19 	140   	16.5536 	5.11709 	299.518	3.70021    	289.056	302.556
20 	146   	17.5034 	3.75239 	298.497	4.43204    	286.848	302.556
21 	143   	17.1678 	4.51569 	299.112	4.3584     	284.165	302.556
22 	141   	17.1312 	4.49178 	301.24 	3.14594    	289.194	302.556
23 	142   	17.4401 	4.17634 	302.017	2.36433    	286.952	302.556
24 	146   	17.0719 	4.47634 	301.817	2.66618    	291.367	302.556
25 	143   	16.7063 	4.92827 	301.681	3.06222    	286.728	302.556
26 	142   	16.4894 	5.20071 	301.688	2.88757    	286.857	306.983
27 	135   	17.0185 	4.36077 	302.185	2.20925    	291.3  	306.983
28 	136   	16.7415 	4.85748 	301.765	2.85239    	289.014	306.983
29 	146   	16.9623 	4.78263 	302.398	1.72338    	293.671	306.983
30 	131   	17.626  	3.77079 	302.578	1.19208    	293.72 	306.983
n_hidden_neurons = 10
domain_upper = 1
domain_lower = -1
n_pop = 100
n_gens = 30
mutation_p = 0.2
cross_p = 0.5
Mu = 100
Lambda = 200
Algorithm = Mu, Lambda
Enemies = [1, 2, 4, 6]
