gen	nevals	life_avg	life_std	avg    	std        	min    	max    
0  	100   	17      	0       	286.827	5.68434e-14	286.827	286.827
1  	140   	15.8179 	4.41273 	287.544	1.7987     	286.827	295.824
2  	137   	15.9234 	4.96627 	288.309	2.68568    	282.455	298.066
3  	142   	16.0282 	4.92077 	289.536	2.48165    	286.827	298.017
4  	137   	15.1752 	6.35954 	290.713	2.72297    	282.456	295.949
5  	127   	17.7126 	3.39031 	292.441	2.36073    	286.952	295.938
6  	141   	15.7376 	6.0108  	293.55 	2.31993    	286.952	298.091
7  	141   	16.9078 	4.86105 	294.71 	2.60881    	286.952	302.555
8  	144   	17.5347 	3.78899 	295.696	2.37392    	286.952	300.208
9  	136   	17.3603 	4.35159 	296.777	2.02164    	291.345	302.547
10 	137   	17.3394 	4.35678 	297.144	2.09588    	287.746	300.375
11 	137   	18.1423 	2.73391 	297.786	2.12638    	286.955	300.375
12 	131   	17.1679 	4.4553  	299.055	2.04137    	291.341	302.556
13 	139   	18.1187 	2.35865 	299.904	1.68086    	293.686	302.556
14 	135   	17.1778 	4.56738 	300.421	1.74179    	293.698	302.563
15 	129   	17.3992 	4.3247  	300.733	2.19662    	289.053	302.572
16 	133   	16.6391 	5.24166 	301.021	2.64633    	289.016	302.563
17 	142   	17.4507 	3.85627 	301.4  	2.29857    	291.449	302.563
18 	139   	17.9748 	2.85269 	301.15 	2.88739    	289.07 	302.563
19 	139   	17.7662 	2.99598 	301.597	2.27897    	291.449	302.563
20 	144   	18.1146 	2.37516 	302.138	1.62369    	293.597	302.563
21 	145   	17.3345 	4.05737 	302.362	1.18437    	293.685	302.563
22 	135   	17.6481 	3.75059 	302.385	1.28344    	291.441	302.563
23 	138   	17.2645 	4.37888 	302.541	0.22178    	300.334	302.563
24 	131   	17.7176 	3.30746 	302.452	1.10552    	291.452	302.563
25 	130   	17.7346 	3.29346 	302.318	1.77828    	286.952	302.563
26 	148   	17.3986 	4.25693 	302.341	1.68119    	286.952	302.563
27 	133   	17.7256 	4.2486  	302.475	0.879931   	293.719	302.563
28 	143   	17.2483 	4.48458 	302.475	0.881648   	293.702	302.563
29 	134   	18.0896 	2.37905 	302.563	0          	302.563	302.563
30 	137   	17.5109 	3.69428 	302.362	2.00064    	282.456	302.563
n_hidden_neurons = 10
domain_upper = 1
domain_lower = -1
n_pop = 100
n_gens = 30
mutation_p = 0.2
cross_p = 0.5
Mu = 100
Lambda = 200
Algorithm = Mu, Lambda
Enemies = [1, 2, 4, 6]
