gen	nevals	life_avg	life_std	avg     	std    	min     	max    
0  	100   	0       	0       	-2.02515	8.66175	-7.28207	30.5663
1  	138   	0       	0       	5.5308  	10.9434	-6.13773	39.2131
2  	138   	0       	0       	10.957  	10.0284	-5.79606	30.5663
3  	135   	0       	0       	21.0667 	8.89554	-5.79606	56.9247
4  	144   	0       	0       	24.1729 	8.00989	3.60184 	56.9247
5  	140   	0       	0       	27.497  	9.90179	12.4016 	56.9247
6  	138   	0       	0       	27.2247 	7.75949	3.92483 	56.9247
7  	131   	0       	0       	28.5198 	9.55027	3.18587 	57.5619
8  	147   	0       	0       	28.8725 	7.97164	21.447  	48.1536
9  	136   	0       	0       	32.1872 	8.99457	12.4128 	48.1536
10 	147   	0       	0       	32.5751 	9.83482	3.20394 	48.1536
11 	148   	0       	0       	35.0029 	8.62182	21.3905 	48.1536
12 	141   	0       	0       	37.1285 	8.34762	21.6064 	57.0287
13 	150   	0       	0       	39.722  	9.49299	12.7583 	56.8346
14 	153   	0       	0       	41.8859 	9.26828	12.6155 	57.0262
15 	146   	0       	0       	41.3494 	8.80216	21.4128 	56.9814
16 	140   	0       	0       	42.8453 	8.1313 	12.2009 	56.8346
17 	137   	0       	0       	45.5029 	5.65046	30.351  	56.8346
18 	139   	0       	0       	47.7244 	6.26573	12.4016 	57.0416
19 	151   	0       	0       	47.5702 	7.48678	12.5319 	57.0416
20 	132   	0       	0       	49.5315 	5.11359	30.2039 	57.0416
21 	150   	0       	0       	49.972  	3.79713	39.1279 	57.0416
22 	144   	0       	0       	50.0493 	5.53575	21.4053 	57.0416
23 	137   	0       	0       	52.9567 	4.90753	38.9814 	57.0364
24 	147   	0       	0       	54.2133 	4.08033	48.011  	57.0416
25 	146   	0       	0       	55.2811 	5.70827	21.4053 	74.7695
26 	140   	0       	0       	54.8492 	6.97596	30.0838 	74.7695
27 	138   	0       	0       	55.554  	5.16003	30.3336 	57.039 
28 	144   	0       	0       	56.1841 	4.76351	12.0838 	57.039 
29 	127   	0       	0       	56.3719 	3.14762	39.1251 	57.039 
30 	142   	0       	0       	56.7286 	1.52718	48.0085 	57.039 
n_hidden_neurons = 10
domain_upper = 1
domain_lower = -1
n_pop = 100
n_gens = 30
mutation_p = 0.2
cross_p = 0.5
Mu = 100
Lambda = 200
Algorithm = Mu, Lambda
Enemies = [2, 4]
