gen	nevals	life_avg	life_std	avg    	std        	min    	max    
0  	100   	17      	0       	286.827	5.68434e-14	286.827	286.827
1  	145   	15.9931 	4.43613 	288.088	2.26941    	286.827	298.487
2  	141   	16.6667 	3.72297 	289.01 	2.2987     	286.827	295.81 
3  	139   	15.9245 	5.39381 	290.082	2.21823    	285.809	295.749
4  	132   	16.0227 	5.40548 	291.409	2.57709    	286.814	302.575
5  	145   	15.969  	5.98827 	292.409	2.62591    	286.844	300.295
6  	139   	15.4522 	6.50556 	293.161	2.48547    	284.677	300.295
7  	131   	16.8817 	4.92068 	293.905	3.00233    	286.927	300.295
8  	130   	16.5    	5.16125 	294.71 	2.72892    	286.954	300.295
9  	134   	16.7276 	5.31178 	295.052	2.80875    	287.746	300.295
10 	154   	15.8766 	6.71916 	294.949	2.81318    	286.939	300.295
11 	140   	16.85   	5.04505 	294.861	2.92192    	286.951	300.323
12 	143   	15.3636 	6.61324 	294.946	3.05672    	282.456	300.323
13 	136   	16.0993 	5.83216 	295.155	2.67939    	286.885	302.557
14 	135   	15.7148 	6.07744 	295.756	2.79457    	286.886	302.557
15 	157   	16.6178 	5.13392 	295.728	2.54967    	286.952	302.557
16 	144   	15.7292 	6.06071 	295.701	2.65184    	286.898	302.557
17 	137   	15.719  	6.31441 	295.84 	2.47265    	286.863	300.295
18 	135   	16.1    	5.69041 	296.244	2.1648     	286.94 	300.295
19 	139   	16.7806 	4.91625 	296.565	3.41629    	278.03 	300.295
20 	130   	15.95   	6.00059 	297.183	2.92132    	286.839	300.295
21 	139   	16.0971 	5.9512  	298.437	3.10677    	284.591	300.295
22 	153   	16.7843 	5.02697 	298.806	3.28444    	284.591	300.295
23 	144   	16.9861 	4.83295 	299.698	1.89639    	291.452	300.325
24 	135   	17.4259 	4.15332 	300.052	1.42974    	289.189	300.325
25 	146   	16.8356 	5.25484 	300.161	1.32728    	286.955	300.295
26 	151   	17.4503 	4.17924 	300.094	1.41578    	289.107	300.295
27 	144   	16.9792 	4.99475 	300.116	1.77503    	282.455	300.295
28 	140   	17.2393 	4.59638 	300.295	5.68434e-14	300.295	300.295
29 	139   	16.9029 	5.05469 	300.183	1.10767    	289.162	300.295
30 	135   	16.4519 	5.66728 	300.184	1.1053     	289.186	300.295
n_hidden_neurons = 10
domain_upper = 1
domain_lower = -1
n_pop = 100
n_gens = 30
mutation_p = 0.2
cross_p = 0.5
Mu = 100
Lambda = 200
Algorithm = Mu, Lambda
Enemies = [1, 2, 4, 6]
