gen	nevals	life_avg	life_std	avg    	std        	min    	max    
0  	100   	17      	0       	286.827	5.68434e-14	286.827	286.827
1  	133   	15.8872 	4.74564 	287.279	1.3992     	286.827	293.726
2  	139   	15.7626 	5.06125 	288.026	2.15344    	284.671	295.334
3  	135   	15.1704 	5.44064 	289.44 	2.59528    	286.007	295.334
4  	137   	15.3102 	5.92167 	291.698	2.10681    	286.827	297.327
5  	129   	16.5078 	5.26322 	292.774	2.02238    	284.509	295.941
6  	137   	16.3759 	5.80265 	293.632	1.76466    	286.523	296.265
7  	136   	16.3676 	5.55561 	294.91 	1.93204    	289.013	301.771
8  	135   	15.7185 	6.56918 	295.328	2.59165    	284.341	300.347
9  	139   	16.1835 	5.90395 	296.084	3.06393    	283.654	300.358
10 	147   	17.051  	4.72968 	295.966	2.75587    	284.708	300.347
11 	139   	16.8345 	4.88846 	295.728	3.20322    	282.456	300.347
12 	143   	16.3531 	5.37374 	295.53 	2.88642    	281.804	300.347
13 	140   	16.325  	5.39409 	296.092	2.54171    	286.879	300.347
14 	136   	16.2316 	5.84729 	296.245	2.87522    	281.501	300.347
15 	150   	15.9333 	6.49632 	296.419	2.41134    	289.134	300.347
16 	145   	17.3241 	4.61278 	297.01 	2.88544    	286.956	300.72 
17 	143   	16.5315 	5.4945  	296.563	3.68647    	286.956	300.72 
18 	148   	16.4696 	5.48592 	297.207	3.23785    	287.076	300.348
19 	123   	16.3333 	5.45516 	297.583	3.26999    	284.761	300.348
20 	141   	16.7167 	5.16857 	298.048	3.13518    	286.957	300.348
21 	133   	16.7256 	5.07295 	298.971	2.58938    	287.274	300.348
22 	154   	16.6234 	5.12294 	299.188	2.90095    	286.952	300.348
23 	134   	17.3134 	3.934   	300.213	1.33174    	286.963	300.348
24 	139   	16.9029 	4.88901 	300.348	0.000290481	300.347	300.348
25 	134   	16.1828 	5.99986 	300.214	1.33283    	286.952	300.348
26 	139   	17.6259 	3.55385 	300.233	1.14418    	288.848	300.348
27 	139   	16.7734 	5.21178 	300.104	1.76696    	284.975	300.348
28 	142   	17.3169 	4.28824 	300.348	0          	300.348	300.348
29 	132   	16.6629 	5.30919 	300.348	0          	300.348	300.348
30 	131   	16.958  	4.91416 	299.99 	2.09079    	284.648	300.348
n_hidden_neurons = 10
domain_upper = 1
domain_lower = -1
n_pop = 100
n_gens = 30
mutation_p = 0.2
cross_p = 0.5
Mu = 100
Lambda = 200
Algorithm = Mu, Lambda
Enemies = [1, 2, 4, 6]
