gen	nevals	life_avg	life_std	avg    	std        	min    	max    
0  	100   	17      	0       	286.827	5.68434e-14	286.827	286.827
1  	131   	16.3893 	3.27801 	287.151	1.6109     	286.827	298.148
2  	134   	16.5037 	3.83547 	287.979	2.33766    	286.827	298.148
3  	134   	16.4403 	4.70671 	289.531	3.24672    	286.827	298.002
4  	137   	16.9416 	4.32235 	291.828	3.03413    	286.858	298.011
5  	141   	16.961  	4.55077 	293.46 	2.32265    	286.941	300.342
6  	141   	16.6631 	6.1175  	293.985	2.56045    	286.952	300.342
7  	139   	17.7878 	4.15049 	295.072	2.58396    	289.196	300.353
8  	142   	16.5599 	4.89232 	296.216	2.84676    	286.952	300.36 
9  	143   	16.9825 	4.54789 	297.093	3.61418    	284.702	309.377
10 	134   	16.1828 	5.53973 	298.621	2.81982    	289.625	309.377
11 	133   	16.0226 	5.96035 	299.404	2.52922    	289.967	302.569
12 	145   	17.1    	4.97046 	300.232	1.56657    	293.692	302.569
13 	149   	16.7315 	5.54497 	300.681	1.53091    	295.731	302.569
14 	145   	15.7241 	6.54083 	300.452	4.07037    	276.325	302.569
15 	141   	15.5887 	6.12612 	301.053	2.40488    	291.315	302.569
16 	137   	17.4343 	3.93228 	301.856	1.94527    	291.362	302.57 
17 	149   	16.9161 	5.13457 	302.569	9.8472e-05 	302.569	302.57 
18 	143   	17.2657 	4.47558 	302.569	0.000168997	302.569	302.57 
19 	145   	16.631  	5.73796 	302.569	0.000225628	302.569	302.57 
20 	147   	16.5442 	5.68173 	302.315	2.53762    	277.066	302.57 
21 	126   	16.5952 	5.42251 	302.57 	0.000204678	302.569	302.57 
22 	135   	17.1519 	5.14719 	302.479	0.903286   	293.491	302.57 
23 	136   	16.739  	5.45536 	302.48 	0.896166   	293.563	302.574
24 	133   	16.2895 	5.92408 	302.547	0.223208   	300.327	302.57 
25 	135   	16.4926 	5.47485 	302.57 	0          	302.57 	302.57 
26 	145   	17.3483 	4.72021 	302.288	1.97622    	287.742	302.57 
27 	152   	17.3257 	4.53505 	302.481	0.881853   	293.707	302.57 
28 	134   	17.0112 	5.50084 	302.434	0.954487   	295.732	302.57 
29 	125   	15.852  	6.24276 	302.369	2.0014     	282.455	302.57 
30 	140   	16.7929 	5.25255 	302.434	1.34981    	289.004	302.57 
n_hidden_neurons = 10
domain_upper = 1
domain_lower = -1
n_pop = 100
n_gens = 30
mutation_p = 0.2
cross_p = 0.5
Mu = 100
Lambda = 200
Algorithm = Mu, Lambda
Enemies = [1, 2, 4, 6]
