gen	nevals	life_avg	life_std	avg    	std        	min    	max    
0  	100   	17      	0       	286.827	5.68434e-14	286.827	286.827
1  	139   	16.4388 	3.21611 	287.719	2.22557    	286.827	295.864
2  	144   	15.6667 	4.91843 	288.934	2.87469    	286.827	295.864
3  	134   	15.709  	5.12832 	290.746	3.31604    	286.827	295.952
4  	136   	15.8272 	5.20618 	293.533	3.16889    	286.813	298.091
5  	139   	16.2878 	5.01364 	294.765	3.04056    	284.644	300.338
6  	141   	17.0709 	4.33752 	295.757	2.99937    	286.829	307.157
7  	132   	16.3409 	5.56141 	296.932	2.6082     	289.077	307.157
8  	138   	16.721  	5.42004 	298.172	2.88991    	291.459	307.155
9  	140   	16.3786 	5.45693 	298.874	2.49687    	291.457	307.155
10 	148   	16.4595 	5.19957 	299.342	2.4408     	289.212	302.58 
11 	135   	16.363  	5.90776 	299.561	2.42881    	289.209	302.58 
12 	149   	16.3591 	5.56387 	299.86 	2.96752    	279.495	302.58 
13 	135   	17.1222 	4.94168 	300.763	1.50335    	293.712	302.58 
14 	128   	16.5781 	5.75083 	300.838	2.58654    	278.557	302.58 
15 	134   	16.7239 	4.9684  	301.46 	2.15634    	284.664	302.58 
16 	143   	16.7972 	4.8043  	301.796	1.98818    	289.085	302.58 
17 	149   	16.2013 	5.46739 	301.954	2.12514    	291.303	302.58 
18 	134   	17.4701 	4.14061 	302.58 	0.000802955	302.574	302.58 
19 	140   	16.5893 	5.91073 	302.401	1.08093    	293.624	302.58 
20 	142   	17.1056 	4.64888 	302.288	2.09574    	284.684	302.58 
21 	141   	17.7553 	4.12853 	302.491	0.884779   	293.688	302.58 
22 	143   	17.6678 	4.36248 	302.58 	0          	302.58 	302.58 
23 	147   	17.4354 	4.8108  	302.447	1.33329    	289.18 	302.612
24 	150   	16.9833 	5.17926 	302.289	1.69497    	291.315	302.58 
25 	145   	17.5621 	4.00512 	302.58 	0          	302.58 	302.58 
26 	143   	16.6224 	5.35594 	302.58 	0          	302.58 	302.58 
27 	142   	16.8662 	4.81558 	302.58 	0          	302.58 	302.58 
28 	148   	17.6081 	4.10773 	302.58 	0          	302.58 	302.58 
29 	153   	17.7941 	4.13598 	302.58 	0          	302.58 	302.58 
30 	143   	17.1853 	4.31928 	302.444	1.3503     	289.009	302.58 
n_hidden_neurons = 10
domain_upper = 1
domain_lower = -1
n_pop = 100
n_gens = 30
mutation_p = 0.2
cross_p = 0.5
Mu = 100
Lambda = 200
Algorithm = Mu, Lambda
Enemies = [1, 2, 4, 6]
