gen	nevals	avg    	std       	min     	max    
0  	100   	13.7383	32.1749   	-6.58755	92.247 
1  	149   	40.8929	38.5069   	-5.86363	93.127 
2  	146   	74.0731	25.9062   	-5.32788	93.127 
3  	138   	87.1417	13.6224   	-5.31321	93.127 
4  	142   	91.5384	1.58695   	87.727  	93.127 
5  	137   	92.1014	1.23602   	87.6028 	93.727 
6  	147   	92.3832	1.935     	75.2039 	93.727 
7  	140   	92.7844	0.488939  	91.527  	93.727 
8  	143   	92.8551	1.17391   	85.0404 	93.727 
9  	129   	93.2317	0.359763  	91.7724 	93.727 
10 	143   	93.439 	0.2875    	92.927  	93.727 
11 	135   	93.577 	0.237276  	93.127  	93.727 
12 	138   	93.6706	0.225019  	91.682  	93.727 
13 	139   	93.6889	0.159343  	92.527  	93.727 
14 	144   	93.6216	0.8371    	85.4042 	93.727 
15 	132   	93.675 	0.237689  	92.127  	93.727 
16 	141   	93.699 	0.154971  	92.527  	93.727 
17 	140   	93.6836	0.423483  	89.476  	93.8352
18 	139   	93.6988	0.302972  	90.688  	93.8352
19 	139   	93.715 	0.206322  	91.682  	93.8352
20 	131   	93.6247	0.902834  	85.4355 	93.8352
21 	139   	93.7587	0.0476697 	93.727  	93.8352
22 	131   	93.776 	0.051478  	93.727  	93.8352
23 	135   	93.7984	0.0603949 	93.527  	93.8352
24 	136   	93.8278	0.025852  	93.727  	93.8352
25 	135   	93.8261	0.0903661 	92.927  	93.8352
26 	147   	93.8372	0.0198997 	93.8352 	94.0352
27 	141   	93.8352	0         	93.8352 	93.8352
28 	145   	93.8352	0         	93.8352 	93.8352
29 	142   	93.8361	0.00913263	93.8352 	93.927 
30 	134   	93.8181	0.198715  	91.847  	93.927 
n_hidden_neurons = 10
domain_upper = 1
domain_lower = -1
n_pop = 100
n_gens = 30
mutation_p = 0.2
cross_p = 0.5
Mu = 100
Lambda = 200
Algorithm = Mu + Lambda
