gen	nevals	avg      	std      	min     	max    
0  	100   	-3.5298  	6.86417  	-5.94542	48.1623
1  	138   	-0.104944	13.306   	-5.77765	57.1623
2  	139   	9.70028  	20.5007  	-5.273  	66.1623
3  	144   	27.2573  	23.0217  	-5.24702	66.1623
4  	123   	45.3531  	18.6687  	-5.21494	66.1623
5  	135   	55.1624  	13.1607  	3.77425 	66.1623
6  	142   	59.6525  	7.80576  	21.7321 	66.1623
7  	144   	61.868   	8.23342  	3.60184 	66.1623
8  	147   	64.9568  	4.97637  	21.753  	66.2348
9  	146   	66.1793  	0.0752007	66.1623 	66.6018
10 	148   	65.8549  	6.47153  	3.29289 	75.1623
11 	142   	65.7978  	6.53125  	3.29289 	75.1623
12 	147   	67.2197  	2.65445  	66.1623 	75.1623
13 	151   	68.1027  	3.64182  	57.6018 	75.1623
14 	141   	71.2702  	4.30434  	66.1623 	75.1623
15 	135   	73.3359  	3.7651   	57.1623 	75.1623
16 	139   	75.0774  	0.851847 	66.6018 	75.2009
17 	150   	75.1657  	0.0110574	75.1623 	75.2009
18 	138   	74.9923  	1.79207  	57.1623 	75.2009
19 	137   	75.1862  	0.0187543	75.1623 	75.2009
20 	135   	75.1928  	0.0157375	75.1623 	75.2009
21 	137   	75.0143  	1.79426  	57.1623 	75.2009
22 	139   	75.1195  	2.06165  	57.1623 	85.2162
23 	139   	75.501   	1.70855  	75.1623 	85.2162
24 	138   	75.7005  	2.18305  	75.1623 	85.2162
25 	136   	77.0134  	4.07221  	66.2009 	85.2162
26 	133   	78.8064  	4.80733  	75.2009 	85.2162
27 	142   	81.9232  	4.71641  	75.2009 	86.2996
28 	149   	84.4752  	2.72257  	75.2009 	86.2996
29 	148   	85.3014  	1.08211  	75.3232 	86.2996
30 	138   	85.7362  	0.541257 	85.2162 	86.2996
n_hidden_neurons = 10
domain_upper = 1
domain_lower = -1
n_pop = 100
n_gens = 30
mutation_p = 0.2
cross_p = 0.5
Mu = 100
Lambda = 200
Algorithm = Mu + Lambda
