gen	nevals	avg      	std        	min     	max    
0  	100   	-0.560079	10.1237    	-6.28227	39.177 
1  	133   	6.01455  	11.9156    	-6.11368	39.174 
2  	137   	13.8957  	13.7328    	-5.83188	56.7271
3  	152   	27.093   	13.8718    	-4.72739	65.8775
4  	134   	34.5843  	13.6718    	21.174  	65.8775
5  	121   	46.885   	16.189     	21.174  	87.0117
6  	141   	58.6601  	12.217     	21.174  	87.0117
7  	151   	64.2992  	9.44369    	21.174  	87.0117
8  	134   	67.4323  	8.39512    	38.8731 	87.0117
9  	143   	69.8665  	9.74015    	21.174  	87.1934
10 	138   	74.5639  	9.92556    	38.8863 	87.1934
11 	143   	79.7436  	8.61691    	65.7309 	88.9934
12 	146   	82.3975  	10.1869    	21.177  	88.9934
13 	149   	86.239   	3.81456    	65.7347 	88.9934
14 	137   	86.6019  	4.49469    	56.7735 	89.3934
15 	134   	87.7762  	0.864268   	87.0117 	89.3934
16 	147   	88.0287  	1.59432    	74.7385 	89.3934
17 	144   	87.8421  	6.74816    	21.174  	89.3934
18 	130   	88.9466  	0.511545   	85.3914 	89.4138
19 	144   	89.1194  	0.313216   	87.2138 	89.5934
20 	137   	88.4921  	6.78905    	21.174  	89.8138
21 	138   	88.8596  	2.82297    	65.893  	89.8138
22 	130   	89.1515  	1.625      	74.7385 	89.8138
23 	141   	89.3783  	0.786463   	84.8138 	89.8138
24 	146   	89.4155  	0.827265   	84.5423 	89.8138
25 	147   	89.4666  	1.52484    	74.7121 	89.8138
26 	135   	88.7852  	9.50998    	-5.83188	89.8138
27 	136   	89.7898  	0.0681663  	89.5934 	89.8138
28 	139   	89.7796  	0.319133   	86.6117 	89.8138
29 	138   	89.8138  	2.84217e-14	89.8138 	89.8138
30 	141   	89.8138  	2.84217e-14	89.8138 	89.8138
n_hidden_neurons = 10
domain_upper = 1
domain_lower = -1
n_pop = 100
n_gens = 30
mutation_p = 0.2
cross_p = 0.5
Mu = 100
Lambda = 200
Algorithm = Mu + Lambda
