gen	nevals	avg     	std      	min     	max    
0  	100   	0.452092	11.6773  	-6.29342	39.9186
1  	146   	10.7358 	16.7711  	-6.22851	56.7735
2  	140   	26.4145 	18.5124  	-5.83188	74.7735
3  	134   	40.1999 	17.1872  	-5.0689 	86.0409
4  	142   	47.1821 	15.47    	4.31787 	84.6117
5  	143   	56.9658 	14.1982  	21.177  	84.6117
6  	132   	62.7467 	12.9865  	3.33704 	84.6117
7  	140   	65.6112 	12.2895  	11.8558 	84.6117
8  	142   	71.9513 	10.3974  	21.174  	88.1247
9  	142   	77.0802 	7.48669  	56.7735 	88.1247
10 	146   	80.3192 	6.82637  	56.7735 	88.1247
11 	145   	82.7422 	4.7376   	65.7442 	88.1247
12 	145   	83.7892 	5.88342  	47.7159 	88.1247
13 	141   	84.6497 	4.99518  	56.7462 	88.1247
14 	139   	86.0026 	3.45167  	56.7735 	88.1914
15 	144   	85.0489 	8.97645  	30.174  	88.1914
16 	142   	87.1712 	5.78613  	30.1711 	88.1914
17 	136   	88.0667 	0.322167 	85.8666 	88.1914
18 	150   	88.1189 	0.112734 	87.0117 	88.1914
19 	135   	87.9998 	1.32968  	74.7715 	88.1914
20 	140   	88.0734 	0.468543 	84.0117 	88.1914
21 	135   	88.1507 	0.0325602	88.1247 	88.1914
22 	147   	87.8967 	2.26173  	65.7735 	88.1914
23 	144   	87.9358 	2.23684  	65.7617 	88.1914
24 	140   	87.6695 	3.82939  	56.7735 	90.052 
25 	131   	88.2286 	0.260478 	88.1914 	90.052 
26 	141   	88.2472 	0.317387 	88.1914 	90.052 
27 	139   	88.2658 	0.364593 	88.1914 	90.052 
28 	144   	88.3216 	0.474715 	88.1914 	90.052 
29 	144   	88.4346 	0.625336 	88.1914 	90.052 
30 	138   	88.8798 	0.898284 	88.1914 	90.052 
n_hidden_neurons = 10
domain_upper = 1
domain_lower = -1
n_pop = 100
n_gens = 30
mutation_p = 0.2
cross_p = 0.5
Mu = 100
Lambda = 200
Algorithm = Mu + Lambda
