gen	nevals	avg    	std        	min     	max    
0  	100   	6.96816	25.8077    	-6.18621	91.7724
1  	150   	31.0135	36.2704    	-5.79606	92.5311
2  	136   	61.0766	31.6277    	-5.53339	92.5311
3  	145   	80.7538	20.9688    	21.8941 	92.5761
4  	141   	90.0291	8.65228    	30.2039 	92.5311
5  	140   	91.2536	6.18055    	30.2039 	92.5827
6  	147   	92.1011	0.312145   	91.7724 	92.5827
7  	145   	92.037 	1.20141    	85.6239 	92.9319
8  	145   	92.4226	0.285953   	91.7724 	92.9319
9  	134   	91.5732	9.75106    	-5.42935	92.9319
10 	136   	92.5964	0.383672   	89.1374 	92.9319
11 	148   	92.5297	0.932125   	85.6239 	92.9319
12 	134   	92.4195	2.75381    	65.9912 	92.9319
13 	142   	92.8238	0.315243   	89.9235 	92.9319
14 	135   	92.9086	0.125883   	91.7724 	92.9319
15 	132   	92.9319	0          	92.9319 	92.9319
16 	149   	92.75  	1.81436    	74.6974 	92.9447
17 	138   	92.9324	0.00249633 	92.9319 	92.9447
18 	130   	92.9327	0.00298332 	92.9319 	92.9447
19 	142   	92.9208	0.12809    	91.647  	92.9447
20 	137   	92.9353	0.0053221  	92.9319 	92.9447
21 	142   	92.7498	1.76602    	75.2162 	92.9447
22 	141   	92.9278	0.139841   	91.537  	92.9447
23 	138   	92.944 	0.00219895 	92.9319 	92.9447
24 	134   	92.9447	4.26326e-14	92.9447 	92.9447
25 	134   	92.9447	4.26326e-14	92.9447 	92.9447
26 	134   	92.9357	0.0893139  	92.047  	92.9447
27 	140   	92.9447	4.26326e-14	92.9447 	92.9447
28 	147   	92.9447	4.26326e-14	92.9447 	92.9447
29 	136   	92.9447	4.26326e-14	92.9447 	92.9447
30 	143   	92.945 	0.00346117 	92.9447 	92.9795
n_hidden_neurons = 10
domain_upper = 1
domain_lower = -1
n_pop = 100
n_gens = 30
mutation_p = 0.2
cross_p = 0.5
Mu = 100
Lambda = 200
Algorithm = Mu + Lambda
