gen	nevals	avg     	std        	min     	max    
0  	100   	-1.34918	12.4136    	-6.0845 	66.1949
1  	144   	3.77738 	17.8862    	-5.8693 	66.1949
2  	135   	13.4075 	22.287     	-5.273  	66.1949
3  	139   	35.2254 	23.7674    	-5.273  	66.1949
4  	135   	48.5812 	18.0271    	-5.25227	66.6018
5  	137   	55.3693 	14.6657    	-5.273  	84.7392
6  	150   	61.7137 	10.3009    	-5.24702	84.8318
7  	142   	65.888  	5.60616    	57.1919 	84.8318
8  	129   	69.0149 	7.90596    	21.7689 	86.3339
9  	147   	72.7961 	8.95613    	12.8642 	90.0162
10 	139   	78.0439 	7.07492    	65.8688 	90.0162
11 	148   	83.1054 	6.90289    	57.6018 	92.2625
12 	125   	86.6943 	5.19578    	66.2254 	92.2625
13 	145   	87.8553 	5.51074    	65.6703 	92.2625
14 	131   	89.0256 	5.89394    	56.5575 	92.2625
15 	150   	90.0013 	4.95914    	65.9385 	92.2625
16 	138   	91.5734 	2.05382    	74.8885 	92.4625
17 	140   	91.7854 	4.39112    	48.1623 	92.2625
18 	137   	92.2625 	0.000369881	92.2625 	92.2651
19 	138   	91.9062 	3.54624    	56.6216 	92.2651
20 	127   	91.6417 	6.17921    	30.1594 	92.2651
21 	131   	92.2632 	0.00117295 	92.2625 	92.2651
22 	147   	92.0984 	1.72342    	74.955  	92.4625
23 	140   	92.312  	0.0845461  	92.2625 	92.4625
24 	138   	92.3617 	0.0987641  	92.2625 	92.4625
25 	139   	92.174  	2.6325     	65.9887 	92.4625
26 	140   	92.4605 	0.0196369  	92.2651 	92.4625
27 	147   	92.1998 	2.61359    	66.1949 	92.4625
28 	134   	92.4625 	0          	92.4625 	92.4625
29 	137   	92.4625 	0          	92.4625 	92.4625
30 	130   	92.4625 	0          	92.4625 	92.4625
n_hidden_neurons = 10
domain_upper = 1
domain_lower = -1
n_pop = 100
n_gens = 30
mutation_p = 0.2
cross_p = 0.5
Mu = 100
Lambda = 200
Algorithm = Mu + Lambda
