gen	nevals	avg    	std       	min     	max    
0  	100   	13.8321	33.3367   	-6.57786	93.127 
1  	140   	33.7192	37.6346   	-5.79606	91.7724
2  	134   	63.1902	31.3233   	-5.78383	91.7724
3  	142   	82.0737	17.8989   	-5.78383	92.5001
4  	140   	88.3962	9.43371   	3.46661 	92.537 
5  	142   	90.8783	2.12814   	75.3475 	92.5001
6  	136   	91.6692	0.881003  	85.6239 	92.5001
7  	144   	91.8619	0.488396  	87.727  	92.537 
8  	144   	91.9859	0.623151  	86.5111 	92.5761
9  	141   	92.1714	0.2992    	91.7724 	92.5761
10 	139   	91.9075	4.40325   	48.1681 	92.5761
11 	144   	92.3836	0.572536  	88.4239 	92.5761
12 	141   	92.4823	0.417151  	88.4239 	92.5827
13 	142   	91.8837	6.2177    	30.2039 	92.5827
14 	129   	92.5718	0.0165078 	92.5062 	92.5827
15 	142   	92.576 	0.0217887 	92.3796 	92.5827
16 	150   	92.5806	0.00573146	92.5311 	92.5827
17 	138   	92.5839	0.0157977 	92.5311 	92.688 
18 	140   	92.5848	0.0147649 	92.5761 	92.688 
19 	129   	92.5508	0.343592  	89.1374 	92.688 
20 	121   	92.5457	0.48542   	87.727  	92.688 
21 	137   	92.6042	0.0434941 	92.5311 	92.688 
22 	135   	92.6127	0.0484895 	92.5248 	92.688 
23 	134   	92.6317	0.0536671 	92.5186 	92.6941
24 	151   	92.6502	0.050919  	92.5761 	92.6941
25 	134   	92.5487	0.760744  	87.727  	92.6941
26 	144   	92.6835	0.0235299 	92.5761 	92.6941
27 	135   	92.6876	0.0156995 	92.5761 	92.6941
28 	136   	92.6781	0.123766  	91.447  	92.6941
29 	130   	92.6924	0.00268254	92.688  	92.6941
30 	152   	92.6939	0.00103074	92.688  	92.6941
n_hidden_neurons = 10
domain_upper = 1
domain_lower = -1
n_pop = 100
n_gens = 30
mutation_p = 0.2
cross_p = 0.5
Mu = 100
Lambda = 200
Algorithm = Mu + Lambda
