gen	nevals	avg    	std    	min     	max    
0  	100   	-1.2744	12.5452	-6.37502	57.7321
1  	79    	3.28851	14.4851	-5.83773	57.6018
2  	82    	8.42835	15.3569	-6.35089	57.6018
3  	77    	13.8914	18.6209	-6.40026	57.7219
4  	74    	23.0526	20.6079	-5.83773	57.753 
5  	78    	33.853 	22.68  	-5.83773	66.7168
6  	82    	41.4273	23.2258	-6.33505	57.7321
7  	80    	45.5146	20.4204	-5.83773	57.7321
8  	84    	48.4883	20.6761	-5.83773	66.3063
9  	74    	46.5454	20.8943	-5.70378	57.7321
10 	83    	52.025 	14.9069	-5.73334	57.7321
11 	78    	50.453 	18.5773	-5.8693 	66.2254
12 	81    	49.2942	18.6517	-5.26786	66.1111
13 	63    	52.8949	15.2685	-5.83481	66.2162
14 	91    	54.1544	12.5668	3.75298 	66.2699
15 	81    	50.483 	18.1825	3.17105 	66.7168
16 	72    	51.3568	17.5913	-5.92693	66.7168
17 	61    	51.808 	16.901 	-5.80814	66.5973
18 	65    	53.4444	15.1744	-5.39816	66.5973
19 	77    	52.2941	16.2631	3.75298 	66.5973
20 	83    	49.9478	19.1296	-5.76832	66.2764
21 	73    	51.7485	17.2277	-5.273  	66.2764
22 	76    	48.2906	21.0433	-5.83773	75.1681
23 	79    	49.7821	19.3916	-5.39816	66.2764
24 	76    	49.8733	19.6867	-5.83773	66.2962
25 	79    	48.2027	21.833 	-5.88888	66.2764
26 	81    	48.2601	22.3755	-5.8999 	75.753 
27 	73    	48.59  	22.9618	-5.8522 	75.753 
28 	64    	52.6232	20.1012	-5.81413	75.1949
29 	75    	44.3991	26.0199	-5.90536	75.6018
30 	75    	51.5566	20.7409	-5.83773	75.2162

domain_upper = 1
domain_lower = -1
n_pop = 100 # 100
n_gens = 30 # 30
mutation_p = 0.35
cross_p = 0.65
n_hidden_neurons = 5
[Back2000]