gen	nevals	avg     	std     	min     	max    
0  	100   	-2.17686	9.81255 	-6.33859	57.1623
1  	134   	6.66839 	18.2799 	-5.68358	57.2863
2  	136   	20.4698 	21.2509 	-5.273  	57.6018
3  	133   	31.354  	20.192  	-5.1985 	57.7321
4  	136   	42.1661 	18.1693 	3.83521 	66.7219
5  	143   	50.8139 	14.6136 	12.7905 	66.7321
6  	130   	57.233  	8.95557 	3.75298 	75.2538
7  	132   	60.2348 	4.84727 	57.1623 	75.2538
8  	127   	62.2572 	6.35854 	39.6018 	75.2538
9  	140   	65.9547 	6.50175 	57.2667 	75.7117
10 	142   	68.9336 	8.29494 	12.3198 	75.7067
11 	141   	72.0961 	7.02691 	30.8015 	87.057 
12 	149   	75.4647 	3.55502 	57.2896 	87.057 
13 	146   	77.07   	4.70399 	56.6614 	87.057 
14 	134   	79.0074 	5.59778 	66.2223 	87.057 
15 	132   	79.4584 	9.34311 	3.87604 	87.057 
16 	142   	83.0828 	5.58717 	66.2254 	90.1087
17 	134   	85.6886 	4.31568 	66.1859 	90.1087
18 	142   	87.1223 	2.36167 	75.1889 	90.1087
19 	137   	87.7655 	1.28737 	87.057  	90.2011
20 	132   	88.1078 	2.66019 	66.2254 	90.2011
21 	148   	87.6995 	6.88063 	30.1056 	90.2011
22 	145   	88.6532 	4.3728  	56.8709 	90.2011
23 	134   	89.4665 	3.18795 	66.1536 	90.2011
24 	137   	89.573  	4.42716 	48.0625 	90.2011
25 	141   	89.2705 	5.17104 	57.1536 	90.2011
26 	147   	90.0395 	1.50579 	75.0598 	90.2011
27 	139   	89.9203 	2.45188 	66.0468 	91.3087
28 	145   	90.2121 	0.110207	90.2011 	91.3087
29 	137   	90.2121 	0.110207	90.2011 	91.3087
30 	142   	89.3636 	8.66879 	3.1307  	91.3087
n_hidden_neurons = 10
domain_upper = 1
domain_lower = -1
n_pop = 100
n_gens = 30
mutation_p = 0.2
cross_p = 0.5
Mu = 100
Lambda = 200
Algorithm = Mu + Lambda
