gen	nevals	avg    	std        	min     	max    
0  	100   	1.01736	15.2928    	-6.28227	74.7423
1  	145   	9.63966	19.7446    	-5.83481	74.7423
2  	144   	24.8677	21.8953    	-5.83188	74.7481
3  	139   	38.0865	20.6232    	3.64814 	74.7481
4  	147   	49.0472	19.6669    	3.96305 	86.5934
5  	146   	59.8425	14.588     	21.174  	87.7914
6  	141   	68.8229	7.69278    	30.174  	87.7914
7  	133   	73.4865	6.72257    	56.7735 	87.7914
8  	141   	77.3079	5.85158    	65.7656 	87.7914
9  	135   	82.301 	4.93887    	74.7481 	88.5934
10 	137   	84.2934	4.08691    	74.7442 	88.5934
11 	137   	86.1584	2.97206    	65.7539 	88.7934
12 	140   	86.5456	5.08245    	56.7462 	88.9934
13 	129   	87.8742	1.44003    	74.7481 	88.9934
14 	144   	87.9277	2.68545    	65.7462 	88.9934
15 	146   	88.5711	0.419946   	86.7934 	88.9934
16 	144   	87.6288	7.65373    	29.8841 	88.9934
17 	143   	88.4085	4.97921    	38.8841 	88.9934
18 	141   	88.725 	2.30994    	65.7558 	88.9934
19 	141   	88.851 	1.41758    	74.7462 	88.9934
20 	149   	88.9934	4.26326e-14	88.9934 	88.9934
21 	152   	89.0054	0.084      	88.9934 	89.5934
22 	144   	88.887 	1.42813    	74.7481 	89.5934
23 	148   	89.0474	0.171709   	88.9934 	89.5934
24 	142   	89.0696	0.33206    	87.2138 	89.5934
25 	146   	89.1516	0.404766   	86.2138 	89.5934
26 	144   	89.171 	1.48114    	74.7481 	89.5934
27 	132   	89.3408	0.681832   	84.9636 	89.5934
28 	142   	89.2888	2.37489    	65.7328 	89.5934
29 	138   	89.3488	2.37425    	65.7328 	89.5934
30 	139   	89.5934	0          	89.5934 	89.5934
n_hidden_neurons = 10
domain_upper = 1
domain_lower = -1
n_pop = 100
n_gens = 30
mutation_p = 0.2
cross_p = 0.5
Mu = 100
Lambda = 200
Algorithm = Mu + Lambda
