gen	nevals	avg    	std     	min     	max    
0  	100   	1.0529 	11.6977 	-6.27288	39.174 
1  	130   	7.14955	14.4026 	-5.99396	39.8583
2  	134   	16.6132	13.2881 	-5.83481	65.7735
3  	151   	24.1384	11.7414 	-4.63473	56.7834
4  	145   	31.595 	11.9105 	12.8239 	65.7715
5  	147   	37.4169	13.8021 	4.27261 	74.7481
6  	140   	44.3222	16.7511 	-5.826  	87.1934
7  	139   	52.7012	15.0929 	21.1799 	87.1934
8  	141   	58.5409	12.2371 	21.8239 	87.1934
9  	142   	61.1349	15.5198 	3.62472 	87.1934
10 	150   	69.5325	12.818  	21.174  	88.3934
11 	143   	74.3522	10.0026 	47.7735 	88.4409
12 	141   	76.3602	14.6071 	21.174  	88.4409
13 	134   	80.2344	10.8542 	30.677  	88.5934
14 	137   	83.3686	9.17668 	30.677  	88.5934
15 	140   	85.345 	9.58203 	21.174  	88.6036
16 	140   	87.6333	0.865704	84.1934 	89.0138
17 	138   	86.8929	6.84249 	21.796  	89.0138
18 	135   	86.9741	8.35802 	21.174  	89.4138
19 	132   	87.9771	3.69338 	56.8709 	89.4138
20 	140   	88.3086	4.0846  	47.7854 	89.5934
21 	140   	87.3608	8.95083 	21.174  	89.4138
22 	143   	87.1858	9.09651 	21.174  	89.4138
23 	149   	86.8465	10.425  	21.174  	89.4138
24 	152   	89.133 	0.406935	86.7934 	89.4138
25 	142   	89.2998	0.299673	86.8138 	89.4138
26 	144   	89.3858	0.102059	89.0138 	89.4138
27 	133   	89.4414	0.193149	89.4138 	90.7934
28 	147   	89.5104	0.352009	89.4138 	90.7934
29 	142   	89.5789	0.512126	87.3914 	90.7934
30 	147   	89.3221	2.86287 	65.7854 	90.7934
n_hidden_neurons = 10
domain_upper = 1
domain_lower = -1
n_pop = 100
n_gens = 30
mutation_p = 0.2
cross_p = 0.5
Mu = 100
Lambda = 200
Algorithm = Mu + Lambda
