gen	nevals	avg    	std    	min     	max    
0  	100   	1.51447	15.3404	-6.2634 	56.7735
1  	80    	10.3289	22.8375	-6.29342	88.2159
2  	73    	24.6601	26.4736	-6.27288	88.2159
3  	81    	37.189 	25.3092	-6.24222	88.2159
4  	82    	42.3974	24.9804	-6.28786	86.6138
5  	84    	43.8653	24.7958	-6.23637	86.6388
6  	76    	52.17  	18.5834	-6.22654	86.6388
7  	70    	50.309 	23.17  	-6.24028	88.1934
8  	77    	52.241 	22.118 	-6.23441	90.8076
9  	76    	47.4985	27.6624	-6.23441	90.8076
10 	76    	51.8064	24.139 	-5.826  	90.8076
11 	80    	47.331 	29.7439	-6.2691 	90.8076
12 	80    	54.2457	28.8837	-6.25575	90.8076
13 	72    	59.7834	26.5436	-6.24028	90.8076
14 	80    	52.8065	30.2395	-6.25383	87.1934
15 	80    	45.3724	30.6216	-6.28227	87.1934
16 	75    	53.0112	29.9732	-6.25958	87.1914
17 	74    	54.0665	30.6732	-6.22851	87.1914
18 	73    	60.4163	30.0869	-6.22654	87.1914
19 	80    	63.8304	29.5145	-6.25383	88.2117
20 	83    	63.8851	28.7153	-6.25383	88.2138
21 	78    	60.4743	31.3975	-6.23441	88.2138
22 	75    	64.3188	29.5972	-6.25383	88.2117
23 	79    	62.3702	31.1074	-6.28227	88.2117
24 	72    	66.6968	26.739 	-6.28227	88.2117
25 	78    	63.4599	29.6707	-6.35957	88.2117
26 	74    	66.7416	29.1931	-6.25383	88.2117
27 	74    	66.0117	29.7096	-5.97635	88.2117
28 	80    	64.5282	29.0639	-6.36647	88.3894
29 	83    	63.415 	29.0488	-5.826  	88.3894
30 	75    	68.4294	27.0386	-6.22654	88.3894

domain_upper = 1
domain_lower = -1
n_pop = 100 # 100
n_gens = 30 # 30
mutation_p = 0.35
cross_p = 0.65
n_hidden_neurons = 5
[Back2000]