gen	nevals	avg    	std       	min     	max    
0  	100   	1.27786	14.5974   	-6.2804 	56.7735
1  	145   	13.5296	20.3779   	-6.12468	83.7423
2  	131   	28.1307	21.8969   	-5.65948	83.7423
3  	148   	42.4753	19.6799   	4.31787 	87.1574
4  	135   	57.9459	15.6127   	21.174  	88.4117
5  	144   	66.5078	14.1711   	3.174   	88.4117
6  	135   	69.0258	12.9077   	30.174  	88.4117
7  	142   	76.6923	13.0599   	38.7735 	88.4117
8  	146   	81.3619	11.7256   	21.6294 	88.4117
9  	137   	82.5973	11.2379   	21.174  	88.4117
10 	139   	85.34  	8.73011   	21.174  	88.4117
11 	149   	88.154 	0.79355   	84.6159 	89.5934
12 	142   	87.9612	4.94995   	38.8537 	89.5934
13 	132   	88.2775	2.28836   	65.7347 	89.5934
14 	139   	88.5654	0.397406  	88.4117 	89.5934
15 	130   	88.1536	3.91601   	56.8841 	89.5934
16 	145   	88.8017	0.555645  	88.4117 	89.5934
17 	136   	88.4952	4.9754    	39.3267 	89.5934
18 	140   	87.7733	6.51718   	47.7695 	89.5934
19 	131   	89.3032	1.51159   	74.7558 	89.5934
20 	136   	89.5934	0         	89.5934 	89.5934
21 	143   	89.5942	0.00771371	89.5934 	89.6709
22 	138   	89.595 	0.0108536 	89.5934 	89.6709
23 	142   	89.5934	0         	89.5934 	89.5934
24 	127   	89.2652	3.26613   	56.7676 	89.5934
25 	137   	89.5934	0         	89.5934 	89.5934
26 	140   	88.9092	6.80765   	21.174  	89.5934
27 	136   	89.5934	0         	89.5934 	89.5934
28 	144   	89.5934	0         	89.5934 	89.5934
29 	150   	88.9092	6.80765   	21.174  	89.5934
30 	138   	89.5934	0         	89.5934 	89.5934
n_hidden_neurons = 10
domain_upper = 1
domain_lower = -1
n_pop = 100
n_gens = 30
mutation_p = 0.2
cross_p = 0.5
Mu = 100
Lambda = 200
Algorithm = Mu + Lambda
