gen	nevals	avg    	std      	min     	max    
0  	100   	1.87022	15.3226  	-6.39859	66.1949
1  	143   	8.61409	19.5825  	-5.75257	66.2254
2  	151   	14.1392	19.9473  	-5.273  	66.2254
3  	133   	28.9106	22.3176  	-5.24702	75.0919
4  	141   	43.0739	22.5948  	-5.20401	75.0919
5  	147   	53.1214	18.9707  	3.75298 	75.0919
6  	136   	61.827 	11.9402  	3.1307  	75.0919
7  	136   	64.7032	5.6161   	21.1623 	74.8885
8  	140   	65.5937	5.1048   	21.1623 	74.8885
9  	150   	65.355 	7.40198  	4.06553 	74.8885
10 	141   	66.5329	2.30009  	57.2254 	74.8885
11 	144   	67.0447	3.20476  	57.1623 	75.6018
12 	144   	68.0321	4.04064  	57.2732 	75.6018
13 	146   	69.251 	5.1888   	57.1623 	88.8011
14 	143   	69.9795	5.16295  	57.3063 	88.8011
15 	149   	71.873 	5.72787  	57.7017 	91.2946
16 	145   	74.3617	9.89527  	-5.273  	94.0233
17 	145   	75.8519	8.10756  	21.753  	91.7087
18 	143   	77.4171	9.43592  	30.7373 	91.7087
19 	129   	81.5042	10.6553  	3.21004 	91.7087
20 	143   	85.1362	10.9899  	3.21004 	91.9001
21 	136   	89.4023	4.12398  	74.8885 	91.7087
22 	139   	91.4071	1.01162  	85.9087 	93.7652
23 	140   	91.7327	0.210923 	91.2946 	93.7652
24 	139   	91.7261	0.0508159	91.7087 	91.9001
25 	140   	90.7915	8.06667  	12.2863 	91.9001
26 	149   	91.8212	0.250924 	91.7087 	94.1681
27 	138   	91.6281	2.57062  	66.1623 	94.1681
28 	152   	91.9632	0.382504 	91.7087 	94.1681
29 	133   	92.0298	0.487252 	91.9001 	94.1681
30 	140   	92.0507	0.515678 	91.9001 	94.1681
n_hidden_neurons = 10
domain_upper = 1
domain_lower = -1
n_pop = 100
n_gens = 30
mutation_p = 0.2
cross_p = 0.5
Mu = 100
Lambda = 200
Algorithm = Mu + Lambda
