gen	nevals	avg    	std        	min     	max    
0  	100   	14.3466	35.211     	-5.93489	92.337 
1  	143   	36.9888	40.6059    	-5.79606	91.847 
2  	142   	66.9897	31.8486    	-5.31321	91.847 
3  	152   	85.3045	12.7545    	30.2039 	92.7319
4  	142   	89.3743	6.45217    	56.9693 	92.7319
5  	143   	90.7832	4.31293    	57.5533 	92.7319
6  	141   	91.8102	0.351674   	90.076  	92.7319
7  	149   	91.9447	0.340245   	91.3724 	92.927 
8  	150   	92.0568	0.365134   	91.7724 	92.927 
9  	147   	92.2366	0.39049    	91.7724 	92.927 
10 	139   	92.3136	0.612203   	87.5235 	92.9319
11 	137   	92.576 	0.353447   	91.7724 	93.127 
12 	144   	92.7145	0.29067    	91.7724 	93.727 
13 	135   	92.8111	0.322712   	91.7724 	93.727 
14 	147   	92.9212	0.364446   	91.7724 	93.727 
15 	131   	92.9861	0.583676   	88.1566 	93.727 
16 	144   	93.1409	0.364431   	91.7724 	93.727 
17 	148   	93.2202	0.412419   	91.7724 	93.727 
18 	139   	93.3976	0.838872   	85.6239 	93.727 
19 	143   	93.6203	0.225812   	92.9319 	93.727 
20 	149   	93.7001	0.145925   	92.527  	93.727 
21 	148   	93.715 	0.119398   	92.527  	93.727 
22 	139   	93.727 	4.26326e-14	93.727  	93.727 
23 	128   	93.7302	0.0184599  	93.727  	93.8352
24 	134   	93.7286	0.0664623  	93.127  	93.8352
25 	145   	93.7551	0.0474662  	93.727  	93.8352
26 	129   	93.7768	0.0539334  	93.727  	93.8352
27 	142   	93.7865	0.207893   	91.7724 	93.8352
28 	138   	93.8103	0.205909   	91.7724 	93.8352
29 	131   	93.8352	0          	93.8352 	93.8352
30 	139   	93.8352	0          	93.8352 	93.8352
n_hidden_neurons = 10
domain_upper = 1
domain_lower = -1
n_pop = 100
n_gens = 30
mutation_p = 0.2
cross_p = 0.5
Mu = 100
Lambda = 200
Algorithm = Mu + Lambda
