gen	nevals	avg    	std      	min     	max    
0  	100   	12.4257	33.0199  	-5.9428 	91.847 
1  	127   	41.4177	39.933   	-5.79606	91.847 
2  	138   	68.5008	31.2484  	-5.78383	92.5827
3  	139   	84.2446	16.574   	2.98873 	92.537 
4  	149   	90.0031	2.39177  	75.2254 	92.537 
5  	149   	90.4967	4.78807  	48.2162 	92.5761
6  	129   	91.7703	1.21305  	86.0182 	92.5761
7  	131   	91.9542	1.22126  	85.2432 	92.5761
8  	129   	91.4805	8.89602  	3.22545 	92.7761
9  	135   	92.0794	2.72036  	66.5235 	92.7761
10 	146   	92.364 	0.885073 	87.727  	93.527 
11 	152   	92.4   	1.08049  	84.537  	93.527 
12 	134   	92.5708	0.736462 	87.727  	93.527 
13 	140   	92.7217	0.577042 	88.8182 	93.527 
14 	143   	92.724 	0.981353 	86.877  	93.727 
15 	137   	92.8665	0.969084 	87.727  	93.727 
16 	140   	93.1381	0.759173 	88.4164 	93.727 
17 	137   	93.3156	0.82702  	86.9152 	93.727 
18 	144   	93.5376	0.181235 	92.137  	93.727 
19 	146   	93.5819	0.142554 	92.527  	93.727 
20 	141   	93.6355	0.210297 	91.7724 	93.727 
21 	137   	93.6795	0.231398 	91.7724 	93.727 
22 	147   	93.6897	0.25334  	91.6442 	93.727 
23 	136   	93.7284	0.009659 	93.727  	93.796 
24 	145   	93.7118	0.179884 	91.927  	93.796 
25 	136   	93.7291	0.0117693	93.727  	93.796 
26 	134   	93.7291	0.0117693	93.727  	93.796 
27 	143   	93.7339	0.0206979	93.727  	93.796 
28 	136   	93.7254	0.198596 	91.7724 	93.796 
29 	135   	93.7204	0.321613 	91.527  	94.2701
30 	144   	93.7737	0.256339 	91.527  	94.2701
n_hidden_neurons = 10
domain_upper = 1
domain_lower = -1
n_pop = 100
n_gens = 30
mutation_p = 0.2
cross_p = 0.5
Mu = 100
Lambda = 200
Algorithm = Mu + Lambda
