gen	nevals	avg     	std        	min     	max    
0  	100   	-1.02519	13.3784    	-6.39693	94.0233
1  	135   	6.51982 	19.7823    	-5.83773	94.0233
2  	127   	19.8991 	24.2462    	-5.273  	94.0233
3  	136   	33.4165 	24.1754    	-5.273  	94.0233
4  	145   	48.6776 	19.9925    	12.7905 	94.0233
5  	140   	60.7492 	19.099     	-5.273  	94.0233
6  	138   	65.3549 	16.6977    	12.7905 	94.0233
7  	129   	70.6528 	17.7823    	12.7905 	94.0233
8  	149   	75.623  	17.8861    	38.9042 	94.0233
9  	153   	80.9726 	16.8688    	48.6018 	94.0233
10 	139   	87.0405 	13.8439    	57.0946 	94.0233
11 	142   	91.8961 	9.42201    	21.7477 	94.0233
12 	156   	93.1099 	6.4992     	40.1022 	94.0233
13 	141   	94.0233 	1.42109e-14	94.0233 	94.0233
14 	133   	94.0233 	1.42109e-14	94.0233 	94.0233
15 	139   	94.0233 	1.42109e-14	94.0233 	94.0233
16 	144   	94.0233 	1.42109e-14	94.0233 	94.0233
17 	138   	94.0233 	1.42109e-14	94.0233 	94.0233
18 	146   	94.0233 	1.42109e-14	94.0233 	94.0233
19 	138   	94.0233 	1.42109e-14	94.0233 	94.0233
20 	146   	93.6491 	3.72276    	56.6081 	94.0233
21 	141   	93.2752 	5.38915    	47.6081 	94.0233
22 	143   	93.6551 	3.66287    	57.21   	94.0233
23 	140   	94.0233 	1.42109e-14	94.0233 	94.0233
24 	144   	93.4754 	5.45169    	39.2317 	94.0233
25 	139   	93.6495 	3.71885    	56.6474 	94.0233
26 	141   	94.0233 	1.42109e-14	94.0233 	94.0233
27 	135   	94.0233 	1.42109e-14	94.0233 	94.0233
28 	130   	94.0233 	1.42109e-14	94.0233 	94.0233
29 	131   	94.0233 	1.42109e-14	94.0233 	94.0233
30 	134   	94.0233 	1.42109e-14	94.0233 	94.0233
n_hidden_neurons = 10
domain_upper = 1
domain_lower = -1
n_pop = 100
n_gens = 30
mutation_p = 0.2
cross_p = 0.5
Mu = 100
Lambda = 200
Algorithm = Mu + Lambda
