gen	nevals	avg    	std      	min     	max    
0  	100   	0.40261	12.5398  	-6.2804 	56.7735
1  	148   	10.1541	18.241   	-6.23441	56.7735
2  	157   	26.5232	20.9189  	-5.83188	86.2388
3  	155   	43.9758	20.4908  	-5.34711	86.2388
4  	144   	53.3167	16.6618  	21.0865 	86.2388
5  	150   	64.2112	12.8246  	21.174  	86.2388
6  	142   	70.1568	14.3939  	12.6625 	86.2388
7  	141   	76.5965	12.4043  	56.7735 	86.2388
8  	149   	81.5447	12.1197  	3.83521 	86.2388
9  	151   	85.3118	4.69348  	56.6561 	86.2388
10 	145   	85.9357	2.93212  	56.7735 	86.2388
11 	135   	86.1157	1.14284  	74.7754 	86.2388
12 	134   	86.2381	0.114683 	85.3934 	87.0138
13 	136   	86.2709	0.198128 	85.3934 	87.1934
14 	149   	86.0144	2.93741  	56.8819 	87.1934
15 	145   	86.4189	0.362172 	86.2388 	87.1934
16 	135   	86.7083	0.454848 	86.2388 	87.1934
17 	143   	86.9196	0.389601 	86.2388 	87.2097
18 	143   	87.0712	0.284659 	86.2388 	87.2097
19 	140   	86.9661	2.13199  	65.7754 	87.1934
20 	146   	87.1936	0.001822 	87.1934 	87.2117
21 	132   	87.1844	0.0950911	86.2388 	87.2117
22 	140   	86.712 	4.80688  	38.8841 	87.2117
23 	151   	86.5262	6.56884  	21.174  	87.2117
24 	137   	86.8943	3.01637  	56.8819 	87.2117
25 	136   	87.1913	0.1189   	86.0117 	87.2117
26 	150   	86.532 	6.60119  	20.8775 	87.6974
27 	144   	87.2207	0.0681978	87.1934 	87.6974
28 	140   	86.6078	4.26233  	56.7735 	87.6974
29 	144   	87.2409	0.165803 	86.2388 	87.6974
30 	128   	87.3234	0.204401 	87.2117 	87.6974
n_hidden_neurons = 10
domain_upper = 1
domain_lower = -1
n_pop = 100
n_gens = 30
mutation_p = 0.2
cross_p = 0.5
Mu = 100
Lambda = 200
Algorithm = Mu + Lambda
