gen	nevals	avg    	std        	min     	max    
0  	100   	12.7401	33.7864    	-6.62672	92.3724
1  	141   	41.8419	40.0955    	-5.79606	92.5248
2  	137   	73.6549	28.5229    	-5.09375	92.3724
3  	136   	86.8013	14.4805    	12.4548 	92.3724
4  	131   	91.534 	1.99333    	75.6868 	92.5001
5  	144   	91.2433	9.75929    	-5.77765	93.2673
6  	140   	92.3523	0.394849   	89.1319 	93.2673
7  	137   	91.8548	6.198      	30.2039 	93.2673
8  	132   	91.8946	6.20417    	30.2039 	93.2673
9  	145   	92.081 	4.42142    	48.2162 	93.2673
10 	123   	92.6179	0.294238   	91.7724 	93.2673
11 	120   	92.7175	0.32735    	92.447  	93.2673
12 	143   	92.698 	0.651377   	89.1311 	93.2673
13 	135   	92.9698	0.395      	91.7724 	93.2673
14 	149   	92.5446	6.27089    	30.2039 	93.2673
15 	132   	92.6158	6.27375    	30.2039 	93.2673
16 	128   	93.2523	0.148741   	91.7724 	93.2673
17 	131   	93.2673	1.42109e-14	93.2673 	93.2673
18 	150   	93.2673	1.42109e-14	93.2673 	93.2673
19 	140   	93.2673	1.42109e-14	93.2673 	93.2673
20 	150   	93.2673	1.42109e-14	93.2673 	93.2673
21 	136   	93.2673	1.42109e-14	93.2673 	93.2673
22 	140   	93.2673	1.42109e-14	93.2673 	93.2673
23 	145   	93.2673	1.42109e-14	93.2673 	93.2673
24 	134   	93.2673	1.42109e-14	93.2673 	93.2673
25 	150   	93.2523	0.148741   	91.7724 	93.2673
26 	151   	93.2673	1.42109e-14	93.2673 	93.2673
27 	137   	93.2673	1.42109e-14	93.2673 	93.2673
28 	134   	93.2673	1.42109e-14	93.2673 	93.2673
29 	132   	93.2673	1.42109e-14	93.2673 	93.2673
30 	133   	93.2523	0.148741   	91.7724 	93.2673
n_hidden_neurons = 10
domain_upper = 1
domain_lower = -1
n_pop = 100
n_gens = 30
mutation_p = 0.2
cross_p = 0.5
Mu = 100
Lambda = 200
Algorithm = Mu + Lambda
