gen	nevals	avg    	std        	min     	max    
0  	100   	8.49854	27.845     	-6.62936	91.7724
1  	143   	24.2191	34.9559    	-5.87774	91.7724
2  	134   	57.9539	34.8973    	-5.78383	92.527 
3  	136   	77.1373	23.2184    	-5.53339	92.527 
4  	138   	88.5216	7.08339    	39.2162 	92.527 
5  	137   	91.1033	1.99564    	75.6868 	92.527 
6  	135   	91.8123	0.404623   	88.5566 	92.527 
7  	147   	91.9195	0.275378   	91.7724 	92.527 
8  	141   	91.4531	6.21656    	29.6937 	93.127 
9  	132   	92.2923	0.350024   	91.7724 	93.127 
10 	150   	92.5008	0.360099   	90.2906 	93.127 
11 	139   	92.5329	1.72557    	75.6481 	93.127 
12 	135   	92.8619	0.290429   	91.7724 	93.127 
13 	142   	93.0149	0.207377   	92.327  	93.2352
14 	143   	93.0529	0.332658   	90.2701 	93.2239
15 	134   	93.127 	1.42109e-14	93.127  	93.127 
16 	133   	93.1101	0.117605   	92.127  	93.2352
17 	147   	93.1304	0.031207   	92.927  	93.2352
18 	155   	93.1422	0.0375487  	93.127  	93.2352
19 	132   	93.1594	0.0520681  	93.0126 	93.2352
20 	134   	93.1811	0.0541068  	93.127  	93.2352
21 	136   	93.2072	0.0534874  	92.927  	93.2352
22 	140   	93.223 	0.103682   	92.2625 	93.527 
23 	147   	93.2435	0.0740944  	92.927  	93.527 
24 	144   	93.2487	0.0647427  	93.127  	93.527 
25 	152   	93.2476	0.0658543  	93.127  	93.527 
26 	139   	93.2644	0.0875359  	93.2352 	93.527 
27 	138   	93.2983	0.121921   	93.127  	93.527 
28 	133   	93.3596	0.145791   	93.127  	93.527 
29 	143   	93.4355	0.136978   	93.127  	93.527 
30 	133   	93.4929	0.189417   	91.7724 	93.727 
n_hidden_neurons = 10
domain_upper = 1
domain_lower = -1
n_pop = 100
n_gens = 30
mutation_p = 0.2
cross_p = 0.5
Mu = 100
Lambda = 200
Algorithm = Mu + Lambda
