gen	nevals	avg    	std       	min     	max    
0  	100   	1.85721	13.3136   	-6.24998	56.8601
1  	130   	13.2156	18.3063   	-5.83481	74.8731
2  	142   	25.7004	18.2201   	-5.826  	74.8731
3  	138   	37.4332	18.5429   	3.63402 	74.8731
4  	133   	49.2872	17.5489   	21.174  	74.8731
5  	137   	59.9   	13.7443   	12.7796 	84.0451
6  	129   	66.2983	12.5776   	12.9501 	87.0117
7  	132   	72.3451	9.27494   	21.9374 	87.0117
8  	145   	74.8535	10.5944   	3.63402 	87.0117
9  	142   	77.156 	5.60066   	56.7462 	87.0117
10 	132   	79.0742	6.37807   	56.7735 	87.0117
11 	141   	81.2506	7.35952   	47.4446 	88.2138
12 	139   	84.7302	4.59526   	65.8097 	88.2138
13 	137   	85.9629	4.68539   	56.7735 	89.1934
14 	132   	86.7938	2.47025   	65.752  	88.4117
15 	145   	86.7133	4.30779   	56.7735 	88.4117
16 	139   	87.2578	2.26519   	65.7347 	88.4117
17 	143   	86.982 	6.65399   	21.174  	89.5934
18 	149   	87.7102	3.17191   	56.7597 	89.5934
19 	136   	87.9207	2.31997   	65.7617 	89.5934
20 	134   	87.9132	3.43577   	56.7656 	89.5934
21 	144   	88.3762	1.43125   	74.7462 	89.5934
22 	152   	87.9481	4.47318   	56.7735 	89.5934
23 	130   	88.7481	0.557767  	87.0117 	89.5934
24 	135   	89.0025	0.622766  	86.8117 	89.5934
25 	153   	88.9494	3.2851    	56.7735 	89.5934
26 	141   	89.2416	3.26736   	56.7735 	89.5934
27 	155   	88.8213	7.68268   	12.3796 	89.5934
28 	132   	89.5934	0         	89.5934 	89.5934
29 	141   	89.5938	0.00285142	89.5934 	89.6138
30 	149   	89.5436	0.497719  	84.5914 	89.6138
n_hidden_neurons = 10
domain_upper = 1
domain_lower = -1
n_pop = 100
n_gens = 30
mutation_p = 0.2
cross_p = 0.5
Mu = 100
Lambda = 200
Algorithm = Mu + Lambda
