gen	nevals	avg    	std        	min     	max    
0  	100   	11.5517	30.9916    	-6.00635	91.7724
1  	140   	34.6236	40.4471    	-5.79606	92.3689
2  	133   	66.1885	31.5551    	-5.78383	92.4941
3  	142   	85.2758	17.1653    	3.22545 	92.7707
4  	140   	91.2213	5.27419    	39.2039 	92.7707
5  	132   	92.0565	0.382198   	91.5336 	92.7707
6  	134   	92.3099	0.400548   	91.7724 	92.7707
7  	138   	92.5015	0.304262   	91.7724 	92.7707
8  	147   	91.9338	5.57866    	39.2223 	92.7707
9  	143   	92.7376	0.139163   	91.7724 	92.7707
10 	137   	92.7659	0.0336995  	92.4941 	92.7707
11 	150   	92.7687	0.0197282  	92.5724 	92.7707
12 	124   	92.7707	4.26326e-14	92.7707 	92.7707
13 	143   	92.7602	0.073306   	92.247  	92.7707
14 	148   	92.7707	4.26326e-14	92.7707 	92.7707
15 	140   	92.7707	4.26326e-14	92.7707 	92.7707
16 	130   	92.7707	4.26326e-14	92.7707 	92.7707
17 	146   	92.7647	0.0595277  	92.1724 	92.7707
18 	144   	92.7627	0.0794274  	91.9724 	92.7707
19 	143   	92.7511	0.113148   	91.9688 	92.7707
20 	131   	92.7708	0.000749835	92.7707 	92.775 
21 	141   	92.7707	0.000437358	92.7707 	92.775 
22 	129   	92.7707	0.000615386	92.7707 	92.775 
23 	142   	92.7709	0.000958001	92.7707 	92.775 
24 	139   	92.7711	0.00137534 	92.7707 	92.775 
25 	143   	92.7692	0.0233918  	92.537  	92.775 
26 	141   	92.7725	0.00216949 	92.7707 	92.775 
27 	137   	92.7695	0.0282365  	92.5724 	92.775 
28 	139   	92.7682	0.0599093  	92.1724 	92.775 
29 	145   	92.7324	0.421611   	88.5374 	92.775 
30 	139   	92.775 	4.26326e-14	92.775  	92.775 
n_hidden_neurons = 10
domain_upper = 1
domain_lower = -1
n_pop = 100
n_gens = 30
mutation_p = 0.2
cross_p = 0.5
Mu = 100
Lambda = 200
Algorithm = Mu + Lambda
