gen	nevals	avg    	std        	min     	max    
0  	100   	1.14991	14.6508    	-6.44095	56.7735
1  	135   	7.88729	17.6946    	-5.83481	56.7735
2  	130   	18.8804	20.4849    	-5.83188	56.7735
3  	136   	35.9131	22.5182    	-5.83188	87.1934
4  	138   	50.0868	20.1479    	-5.83188	87.1934
5  	133   	59.412 	13.8891    	21.6481 	87.1934
6  	137   	66.0184	12.4252    	56.7735 	87.1934
7  	143   	68.9095	13.0378    	56.7366 	87.1934
8  	135   	76.1011	12.7712    	56.7735 	87.1934
9  	148   	81.4659	10.4292    	56.7442 	87.1934
10 	146   	85.4811	6.00628    	56.7735 	87.1934
11 	142   	87.1756	0.154984   	86.1934 	87.7934
12 	162   	86.5019	5.82521    	29.8666 	87.7934
13 	136   	87.2174	0.117576   	87.1934 	87.7934
14 	138   	87.2414	0.162776   	87.1934 	87.7934
15 	141   	87.2834	0.214243   	87.1934 	87.7934
16 	147   	86.9902	3.03764    	56.858  	87.7934
17 	139   	87.2549	1.29139    	74.752  	87.7934
18 	148   	86.9167	3.954      	56.7735 	89.7934
19 	147   	87.8044	0.567993   	86.1934 	89.7934
20 	138   	87.6125	4.04813    	47.8644 	89.7934
21 	133   	88.0896	0.706059   	87.7934 	89.7934
22 	132   	88.3858	0.906402   	87.7934 	89.7934
23 	154   	88.6442	3.34198    	56.8537 	89.7934
24 	136   	89.4934	0.714143   	87.7934 	89.7934
25 	148   	89.7174	0.589955   	84.1914 	89.7934
26 	143   	89.7934	2.84217e-14	89.7934 	89.7934
27 	136   	89.7934	2.84217e-14	89.7934 	89.7934
28 	146   	89.7934	2.84217e-14	89.7934 	89.7934
29 	150   	89.7934	2.84217e-14	89.7934 	89.7934
30 	146   	89.7934	2.84217e-14	89.7934 	89.7934
n_hidden_neurons = 10
domain_upper = 1
domain_lower = -1
n_pop = 100
n_gens = 30
mutation_p = 0.2
cross_p = 0.5
Mu = 100
Lambda = 200
Algorithm = Mu + Lambda
