gen	nevals	avg       	std        	min     	max    
0  	100   	-0.0595754	13.492     	-6.34212	57.6018
1  	131   	6.80047   	19.8414    	-5.67675	57.6018
2  	143   	19.3374   	22.7037    	-5.273  	66.1623
3  	137   	28.7895   	23.0508    	-5.25227	66.1623
4  	135   	42.1036   	20.3223    	3.75298 	66.1623
5  	143   	55.2046   	12.8859    	21.6018 	66.1623
6  	141   	60.0006   	9.32409    	21.753  	66.6018
7  	132   	63.785    	3.82383    	57.1623 	66.6018
8  	134   	64.9572   	4.9868     	21.753  	66.6018
9  	151   	65.7419   	1.93753    	57.1623 	66.6018
10 	135   	65.9545   	1.55367    	57.1623 	66.6018
11 	136   	66.1818   	0.925453   	57.1623 	66.6018
12 	138   	66.2661   	0.939579   	57.1623 	66.6018
13 	144   	66.4121   	1.58903    	57.1623 	75.21  
14 	133   	66.5715   	1.28094    	57.1623 	75.21  
15 	143   	66.6879   	0.856505   	66.6018 	75.21  
16 	138   	66.774    	1.20515    	66.6018 	75.21  
17 	135   	67.2044   	2.19636    	66.6018 	75.21  
18 	139   	66.5759   	6.68477    	3.75298 	75.21  
19 	154   	67.8931   	3.07374    	66.6018 	75.21  
20 	136   	69.3565   	4.01552    	66.6018 	75.21  
21 	143   	70.1966   	4.9719     	48.1478 	75.21  
22 	134   	72.6941   	4.49101    	48.753  	75.21  
23 	142   	74.3326   	3.19228    	57.1623 	75.2131
24 	138   	75.2102   	0.000600182	75.21   	75.2131
25 	142   	75.2103   	0.000830914	75.21   	75.2131
26 	150   	75.9625   	3.68663    	75.174  	94.0233
27 	127   	76.1597   	4.8542     	57.2411 	94.0233
28 	133   	77.3299   	6.48431    	66.1623 	94.0233
29 	143   	80.1822   	9.28263    	57.21   	94.0233
30 	139   	83.5532   	9.29037    	66.1623 	94.0233
n_hidden_neurons = 10
domain_upper = 1
domain_lower = -1
n_pop = 100
n_gens = 30
mutation_p = 0.2
cross_p = 0.5
Mu = 100
Lambda = 200
Algorithm = Mu + Lambda
