gen	nevals	avg    	std    	min     	max    
0  	100   	8.47575	31.1944	-6.79571	91.7724
1  	77    	21.7226	39.0096	-6.01127	91.847 
2  	83    	48.379 	40.2095	-5.93225	92.1724
3  	76    	70.8112	34.7895	-5.84644	92.7761
4  	79    	76.0975	28.6871	-5.79606	92.537 
5  	84    	77.1585	27.8737	-5.78383	92.9319
6  	81    	79.2385	26.91  	-5.78996	92.527 
7  	73    	78.1366	29.7863	-5.85793	92.537 
8  	69    	80.068 	28.9942	-5.92158	92.7319
9  	81    	84.3194	21.8557	-5.8861 	92.7319
10 	86    	76.7511	29.6938	-6.03069	93.527 
11 	79    	87.2315	16.9763	-5.78383	93.6015
12 	73    	80.4042	28.0998	-5.78383	93.6015
13 	74    	81.2712	26.6115	-5.9428 	93.6015
14 	84    	86.7755	15.3948	21.1421 	93.6015
15 	77    	83.4856	23.6515	-6.59304	93.727 
16 	77    	80.6347	27.6365	-5.92693	93.6015
17 	73    	85.2161	22.2653	-5.78383	93.6015
18 	76    	82.9586	24.97  	-6.58755	93.727 
19 	83    	77.8319	30.6105	-6.30628	93.727 
20 	82    	77.9179	30.7464	-5.79606	93.727 
21 	66    	84.1459	23.2712	-5.94017	93.727 
22 	74    	85.12  	23.13  	-5.78383	93.327 
23 	73    	84.4593	24.098 	-5.78383	93.527 
24 	71    	82.9127	26.5021	-5.78383	93.727 
25 	75    	87.2856	18.9762	-6.01127	93.727 
26 	72    	85.6954	20.1546	-6.16752	93.727 
27 	82    	88.6579	15.3621	-5.78383	93.727 
28 	81    	88.4129	15.4354	-5.78383	93.727 
29 	84    	84.2361	24.5114	-5.78383	93.727 
30 	76    	85.7029	22.3005	-5.94803	93.527 

domain_upper = 1
domain_lower = -1
n_pop = 100 # 100
n_gens = 30 # 30
mutation_p = 0.35
cross_p = 0.65
n_hidden_neurons = 5
[Back2000]