gen	nevals	avg     	std        	min     	max    
0  	100   	-2.45381	9.96285    	-5.99645	57.7321
1  	149   	2.90072 	12.1861    	-5.80814	57.7321
2  	133   	11.6899 	15.6146    	-5.273  	57.7321
3  	137   	21.1195 	15.7892    	-5.25227	66.2193
4  	146   	31.4495 	18.0811    	-5.1985 	66.2193
5  	138   	45.9798 	18.6251    	-5.273  	94.0233
6  	140   	56.4721 	13.1646    	12.21   	94.0233
7  	134   	62.4262 	9.9496     	-5.20401	91.1087
8  	150   	69.0783 	10.06      	57.1623 	91.1087
9  	141   	70.4547 	9.28188    	57.1623 	93.777 
10 	141   	72.5949 	12.3936    	12.3096 	93.777 
11 	133   	78.8323 	11.4602    	57.1623 	93.777 
12 	137   	83.8942 	12.555     	12.876  	93.977 
13 	132   	87.0128 	9.53535    	57.1623 	93.977 
14 	146   	90.1579 	7.441      	57.1623 	93.977 
15 	141   	92.259  	5.97479    	57.1623 	93.977 
16 	129   	92.9196 	4.94851    	57.1623 	93.977 
17 	140   	93.8449 	0.876081   	85.1669 	93.977 
18 	139   	93.782  	1.91982    	74.681  	93.977 
19 	142   	93.983  	0.0341174  	93.977  	94.177 
20 	145   	93.993  	0.0731027  	93.577  	94.177 
21 	147   	94.025  	0.0854166  	93.977  	94.177 
22 	141   	93.703  	3.73168    	56.5865 	94.177 
23 	147   	94.111  	0.0940425  	93.977  	94.177 
24 	144   	94.151  	0.0672607  	93.977  	94.177 
25 	146   	94.177  	2.84217e-14	94.177  	94.177 
26 	145   	93.9868 	1.89223    	75.1594 	94.177 
27 	135   	94.177  	2.84217e-14	94.177  	94.177 
28 	136   	94.177  	2.84217e-14	94.177  	94.177 
29 	135   	94.177  	2.84217e-14	94.177  	94.177 
30 	144   	94.177  	2.84217e-14	94.177  	94.177 
n_hidden_neurons = 10
domain_upper = 1
domain_lower = -1
n_pop = 100
n_gens = 30
mutation_p = 0.2
cross_p = 0.5
Mu = 100
Lambda = 200
Algorithm = Mu + Lambda
