gen	nevals	avg    	std        	min     	max    
0  	100   	14.5197	34.0745    	-5.89164	92.337 
1  	128   	42.0168	40.1831    	-5.82008	92.337 
2  	140   	69.8365	31.7095    	-5.78383	92.5761
3  	140   	86.8826	13.1112    	30.2039 	92.5761
4  	134   	91.665 	0.944553   	86.3689 	92.5761
5  	147   	91.7615	0.623286   	87.727  	92.5761
6  	128   	91.7984	0.687789   	86.9152 	92.5761
7  	142   	91.9369	0.359248   	89.8584 	92.5827
8  	134   	90.7174	8.66675    	30.2039 	92.5827
9  	149   	92.0923	0.487042   	88.5235 	92.5761
10 	132   	91.6925	6.18558    	30.2039 	92.5827
11 	152   	91.3008	7.56386    	30.2039 	92.5827
12 	135   	92.1324	3.52753    	57.1565 	92.5827
13 	141   	92.5045	0.482594   	87.727  	92.5827
14 	142   	92.4831	0.567572   	87.7321 	92.5827
15 	142   	92.5337	0.368251   	88.8941 	92.5827
16 	148   	92.5554	0.217776   	90.3894 	92.5827
17 	152   	92.5206	0.635562   	86.2404 	93.047 
18 	146   	92.5138	0.532383   	87.727  	93.047 
19 	141   	92.5579	0.269516   	89.9235 	93.047 
20 	143   	92.5608	0.268637   	89.9277 	93.047 
21 	137   	92.6059	0.101196   	92.5827 	93.047 
22 	131   	92.6524	0.165795   	92.5827 	93.047 
23 	136   	92.6709	0.182153   	92.5827 	93.047 
24 	147   	92.7313	0.216594   	92.5827 	93.047 
25 	139   	92.2086	6.23599    	30.2039 	93.047 
26 	144   	92.9628	0.180003   	92.5186 	93.047 
27 	137   	92.9887	0.535842   	87.677  	93.047 
28 	136   	93.006 	0.408396   	88.9425 	93.047 
29 	139   	93.047 	1.42109e-14	93.047  	93.047 
30 	152   	93.047 	1.42109e-14	93.047  	93.047 
n_hidden_neurons = 10
domain_upper = 1
domain_lower = -1
n_pop = 100
n_gens = 30
mutation_p = 0.2
cross_p = 0.5
Mu = 100
Lambda = 200
Algorithm = Mu + Lambda
