gen	nevals	avg     	std      	min     	max    
0  	100   	0.217955	14.9733  	-6.41182	57.2254
1  	140   	16.0763 	24.3625  	-5.80814	57.2254
2  	139   	33.9306 	25.6738  	-5.25227	75.2764
3  	123   	54.3591 	12.86    	-5.1985 	66.1623
4  	136   	58.5856 	6.62187  	21.174  	66.6018
5  	138   	61.2981 	4.41213  	57.1623 	66.6018
6  	145   	63.0044 	7.90848  	-5.25227	66.6018
7  	148   	64.932  	7.36588  	-5.273  	66.6018
8  	148   	66.0989 	0.901363 	57.1623 	66.6018
9  	143   	66.183  	0.0247564	66.1623 	66.2254
10 	147   	66.2174 	1.26059  	57.3301 	75.0919
11 	144   	65.536  	7.38959  	-5.80814	75.0546
12 	149   	66.4485 	2.16813  	57.21   	75.0546
13 	148   	66.8015 	2.26314  	57.7321 	75.0546
14 	143   	67.0905 	2.80005  	57.6018 	75.0546
15 	144   	67.7089 	3.33711  	57.6018 	75.0919
16 	140   	69.0007 	4.35074  	57.2254 	75.1594
17 	139   	70.6306 	4.17131  	66.1623 	75.0919
18 	133   	72.1166 	4.61065  	57.1623 	84.777 
19 	147   	73.6266 	3.66969  	57.1623 	75.0946
20 	148   	74.4852 	2.81334  	57.6018 	75.6018
21 	147   	74.6669 	2.63771  	57.1623 	75.753 
22 	142   	74.753  	2.51449  	57.1623 	75.6018
23 	138   	75.0445 	0.908776 	66.0946 	75.6018
24 	132   	75.0849 	0.856277 	66.7321 	75.6018
25 	131   	75.205  	0.197288 	75.0919 	75.7219
26 	137   	75.0825 	1.25066  	66.2193 	75.7321
27 	141   	74.9014 	2.3872   	57.21   	75.7219
28 	141   	75.6007 	2.42161  	66.1949 	89.8678
29 	135   	75.5772 	5.37359  	30.1711 	89.8678
30 	153   	75.6084 	0.0283992	75.6018 	75.7321
n_hidden_neurons = 10
domain_upper = 1
domain_lower = -1
n_pop = 100
n_gens = 30
mutation_p = 0.2
cross_p = 0.5
Mu = 100
Lambda = 200
Algorithm = Mu + Lambda
