gen	nevals	avg     	std        	min     	max    
0  	100   	0.510708	15.3519    	-6.33683	66.1507
1  	138   	5.97788 	18.5413    	-5.80814	66.1507
2  	145   	20.6628 	23.2552    	-5.273  	66.1507
3  	145   	32.7518 	21.4203    	-5.20949	66.1507
4  	133   	44.8455 	18.4408    	3.76356 	66.1507
5  	133   	55.6427 	11.615     	3.76356 	66.2193
6  	134   	59.8133 	4.04936    	57.1623 	66.1623
7  	146   	62.3679 	4.7552     	57.1623 	75.6018
8  	149   	64.2505 	4.6763     	57.1623 	75.6018
9  	148   	64.7972 	7.35643    	3.75298 	75.6018
10 	144   	66.5474 	3.52555    	57.1623 	75.6018
11 	147   	66.508  	8.80151    	3.1307  	94.0233
12 	145   	68.4179 	11.0076    	-5.25227	94.0233
13 	135   	73.5063 	8.62095    	48.7117 	94.0233
14 	142   	75.1135 	10.7907    	21.7219 	94.0233
15 	154   	79.9897 	9.57349    	48.6018 	94.0233
16 	142   	85.4886 	9.1856     	57.2286 	94.0233
17 	135   	89.9104 	7.29949    	66.6018 	94.0233
18 	134   	91.1388 	7.10476    	57.7321 	94.0233
19 	144   	92.3622 	6.45171    	57.6018 	94.0233
20 	143   	91.2253 	9.50961    	39.6018 	94.0233
21 	134   	93.018  	4.81995    	66.2962 	94.0233
22 	143   	93.1163 	6.84375    	30.6018 	94.0233
23 	129   	92.7459 	5.62637    	66.6018 	94.0233
24 	132   	93.2138 	4.27802    	66.6018 	94.0233
25 	134   	93.0285 	5.30907    	57.1829 	94.0233
26 	140   	93.6556 	3.65788    	57.2602 	94.0233
27 	146   	93.0151 	5.92121    	48.3232 	94.0233
28 	134   	93.7491 	2.7284     	66.6018 	94.0233
29 	142   	93.9462 	0.766784   	86.3168 	94.0233
30 	145   	94.0233 	1.42109e-14	94.0233 	94.0233
n_hidden_neurons = 10
domain_upper = 1
domain_lower = -1
n_pop = 100
n_gens = 30
mutation_p = 0.2
cross_p = 0.5
Mu = 100
Lambda = 200
Algorithm = Mu + Lambda
