gen	nevals	life_avg	avg     	std     	min      	max    
0  	100   	-5.50628	-5.14244	3.73411 	-18.5797 	14.4293
1  	141   	-5.1138 	-1.79955	5.43585 	-6.96239 	14.4293
2  	151   	-5.88206	2.12073 	6.22392 	-5.87027 	14.5596
3  	134   	-5.68173	6.66405 	6.43823 	-5.63516 	40.5935
4  	145   	-6.40683	9.94511 	4.53845 	-5.63516 	16.9273
5  	142   	-6.95205	14.6809 	6.85833 	-0.487089	52.1502
6  	132   	-7.15228	19.5324 	10.359  	7.29926  	52.1502
7  	131   	-7.20113	26.2192 	12.6606 	14.422   	52.1502
8  	140   	-7.08889	33.0302 	14.3134 	0.955344 	53.2461
9  	144   	-7.91124	42.9449 	11.6525 	-3.08371 	52.233 
10 	139   	-8.51983	48.3778 	8.53435 	14.8726  	56.7768
11 	150   	-9.57194	52.2987 	3.12645 	35.5893  	56.8069
12 	127   	-9.77813	54.0832 	2.23223 	52.1502  	56.8261
13 	141   	-9.93545	55.8358 	2.0591  	52.1667  	60.3759
14 	143   	-9.96121	56.955  	0.977642	52.233   	60.4069
15 	141   	-10.0081	57.2688 	1.20622 	56.7542  	60.4069
16 	143   	-10.0566	57.6033 	1.48141 	56.7768  	60.4112
17 	155   	-9.86862	58.1231 	2.4883  	40.5546  	60.4156
18 	148   	-9.60776	59.4676 	1.56819 	56.7542  	60.4156
19 	130   	-10.0034	60.261  	0.701295	56.7768  	60.4199
20 	152   	-9.73604	60.4327 	0.232852	60.3759  	62.7478
21 	138   	-9.97955	60.359  	1.05579 	50.3705  	62.7478
22 	145   	-9.87409	60.5552 	0.553989	60.3804  	62.7478
23 	141   	-9.74462	60.6518 	0.708407	60.3759  	63.0231
24 	136   	-9.86497	60.3493 	2.74384 	34.1912  	63.0231
25 	135   	-9.95327	60.7248 	0.766449	60.3893  	63.0313
26 	143   	-9.87481	60.9662 	0.982599	60.3759  	63.0313
27 	140   	-9.58757	61.2631 	1.44895 	52.1264  	63.0313
28 	144   	-9.67485	61.318  	2.34704 	46.5347  	63.0332
29 	135   	-9.6698 	61.6458 	3.38852 	40.5462  	66.8377
30 	148   	-9.15123	61.7564 	3.08703 	46.5977  	66.8578
n_hidden_neurons = 10
domain_upper = 1
domain_lower = -1
n_pop = 100
n_gens = 30
mutation_p = 0.2
cross_p = 0.5
Mu = 100
Lambda = 200
Algorithm = Mu + Lambda
Enemies = [1, 5, 6]
