gen	nevals	life_avg	avg      	std     	min     	max    
0  	100   	0       	-2.78356 	7.78854 	-6.82979	39.2634
1  	144   	0       	-0.411184	7.41899 	-6.10702	13.0096
2  	146   	0       	7.61327  	11.8212 	-5.81114	48.4947
3  	144   	0       	16.7388  	15.8017 	-5.79606	57.5533
4  	144   	0.194444	25.9594  	20.9821 	-5.77144	87.2203
5  	145   	0.126897	36.3744  	21.3536 	-4.82028	86.2678
6  	131   	0       	50.8629  	20.854  	-5.47646	86.2678
7  	134   	0.208955	55.1074  	21.487  	-5.52545	87.4117
8  	137   	0.508029	60.0782  	20.7335 	-4.82028	88.1128
9  	136   	0.816176	66.6038  	15.1854 	30.6577 	88.1128
10 	150   	0.889333	69.2788  	14.1403 	30.4587 	88.2928
11 	137   	0.764964	74.1406  	11.5411 	30.5235 	88.1128
12 	149   	1.93826 	73.3856  	14.7744 	30.4241 	88.1128
13 	142   	2.18592 	73.3851  	15.3096 	21.5707 	88.1128
14 	136   	3.1     	76.3851  	13.4446 	39.409  	88.1128
15 	133   	2.21805 	77.0214  	14.9538 	21.549  	88.1128
16 	142   	2.46197 	79.9753  	11.4934 	30.5028 	88.1128
17 	149   	3.51007 	77.5393  	15.4158 	12.5194 	88.5425
18 	136   	4.39853 	80.5966  	11.6461 	30.634  	88.5425
19 	135   	5.09333 	82.7768  	9.04025 	39.5235 	88.5425
20 	154   	6.63766 	81.7242  	11.3835 	39.3832 	88.5425
21 	147   	8.01361 	82.4687  	10.3875 	48.4203 	88.5425
22 	142   	11.1268 	85.0668  	7.79794 	48.4432 	88.5425
23 	135   	17.3556 	86.8727  	6.04479 	39.5069 	88.5425
24 	141   	19.7234 	88.1582  	1.33793 	75.3336 	88.5425
25 	145   	19.3007 	85.8011  	10.6652 	21.3796 	88.5425
26 	128   	19.1484 	87.5672  	4.84833 	57.3029 	88.5425
27 	142   	25.2803 	88.4968  	0.276954	85.877  	88.5425
28 	136   	27.4397 	88.0092  	3.78794 	57.3405 	88.5425
29 	146   	27.311  	88.1396  	4.00931 	48.2474 	88.5425
30 	145   	28.3283 	88.051   	4.89056 	39.3905 	88.5425
n_hidden_neurons = 10
domain_upper = 1
domain_lower = -1
n_pop = 100
n_gens = 30
mutation_p = 0.2
cross_p = 0.5
Mu = 100
Lambda = 200
Algorithm = Mu + Lambda
Enemies = [2, 6]
