gen	nevals	life_avg 	avg       	std     	min     	max    
0  	100   	0        	0.00721815	16.4309 	-6.27664	66.5795
1  	144   	0        	10.7736   	25.9436 	-5.77765	66.5795
2  	133   	0        	22.8144   	28.1815 	-5.77765	75.2962
3  	146   	0        	44.8591   	26.047  	-5.27811	75.3546
4  	145   	0.0482759	60.0092   	12.8376 	3.65767 	84.8859
5  	144   	0        	63.6152   	8.21108 	21.2797 	84.8859
6  	138   	0.0376812	66.0065   	9.24622 	12.2131 	84.8859
7  	143   	0        	67.2041   	13.0592 	3.49467 	84.8859
8  	141   	0.163121 	70.9505   	7.74542 	48.0364 	85.4179
9  	152   	0.360526 	70.0143   	10.3368 	21.1565 	85.4179
10 	137   	0.538686 	75.801    	7.69322 	57.0364 	86.1586
11 	143   	1.1972   	76.8653   	7.46662 	56.9912 	85.4179
12 	151   	1.50464  	79.7214   	7.1147  	57.0364 	85.7148
13 	146   	1.95342  	81.1094   	9.54297 	12.344  	85.7148
14 	141   	4.21135  	83.3045   	5.52907 	57.0364 	85.6517
15 	131   	4.50382  	83.8781   	8.12882 	12.2732 	85.8797
16 	137   	6.03504  	85.1431   	2.16857 	66.1652 	85.8348
17 	146   	5.73973  	84.7447   	6.48659 	21.0468 	85.8348
18 	144   	5.66528  	84.9281   	2.75755 	66.5533 	85.8348
19 	139   	6.38273  	84.3864   	7.80702 	12.2929 	85.8896
20 	133   	8.51729  	85.5591   	1.06182 	75.1681 	85.9439
21 	136   	7.69265  	84.8291   	7.36888 	12.2929 	85.9439
22 	137   	8.7781   	85.4387   	2.8579  	57.0364 	85.9439
23 	144   	8.89167  	84.7407   	7.82063 	12.3198 	85.8863
24 	136   	8.60294  	85.7553   	0.209915	84.2289 	85.943 
25 	139   	8.51223  	85.7846   	0.153365	84.7059 	85.943 
26 	145   	9.26069  	85.815    	0.133502	85.1843 	85.943 
27 	121   	8.70248  	85.8344   	0.154097	84.9443 	85.943 
28 	139   	8.65468  	85.101    	6.52719 	21.0468 	85.943 
29 	135   	9.98963  	85.3743   	3.22255 	57.0364 	85.943 
30 	133   	8.4391   	85.2334   	6.2761  	22.8103 	85.943 
n_hidden_neurons = 10
domain_upper = 1
domain_lower = -1
n_pop = 100
n_gens = 30
mutation_p = 0.2
cross_p = 0.5
Mu = 100
Lambda = 200
Algorithm = Mu + Lambda
Enemies = [7, 8]
