gen	nevals	life_avg	avg     	std        	min     	max    
0  	100   	-8.34786	-4.19656	6.90136    	-20.8848	21.5858
1  	148   	-7.65586	0.66571 	8.88502    	-6.90941	34.8509
2  	124   	-6.27137	6.23355 	9.52531    	-5.92965	44.539 
3  	134   	-6.07078	11.3149 	9.19571    	-6.5022 	34.8509
4  	140   	-7.36904	16.8317 	7.53011    	2.44963 	31.9396
5  	134   	-7.33252	20.4502 	6.05585    	-1.68222	31.9396
6  	133   	-7.16403	23.5745 	4.77009    	1.49348 	34.7103
7  	148   	-6.81542	24.5734 	4.33213    	4.86787 	34.7103
8  	143   	-7.0946 	26.2622 	4.08149    	1.287   	35.2422
9  	141   	-6.73003	28.8127 	3.93207    	17.5347 	37.3266
10 	135   	-6.57256	31.478  	4.36712    	26.6152 	41.7315
11 	134   	-7.05835	33.6996 	3.89316    	26.6204 	41.7315
12 	147   	-5.90724	35.1371 	6.0792     	5.27628 	41.7315
13 	140   	-6.71509	37.4178 	4.24649    	8.52402 	41.7315
14 	135   	-6.76289	39.2385 	2.57057    	26.3851 	44.5023
15 	130   	-7.68103	40.2696 	1.88033    	34.7404 	44.5023
16 	129   	-6.90921	41.1707 	1.36368    	34.7404 	44.5023
17 	146   	-6.28866	41.5633 	0.94895    	34.7383 	44.5023
18 	151   	-6.33632	41.3151 	3.31719    	12.1889 	44.5023
19 	140   	-6.26582	41.5573 	2.41711    	17.8171 	44.5023
20 	138   	-6.5612 	41.7475 	0.0136214  	41.7287 	41.7639
21 	136   	-6.33037	41.6015 	1.53028    	26.3758 	41.7639
22 	140   	-6.32039	41.7608 	0.00412736 	41.7339 	41.7639
23 	129   	-6.25553	41.7623 	0.00112457 	41.7571 	41.7639
24 	142   	-6.18747	41.7628 	0.00102871 	41.7577 	41.7639
25 	149   	-6.33462	41.7629 	0.00123852 	41.7577 	41.7639
26 	141   	-6.53342	41.7631 	0.00125661 	41.7552 	41.7639
27 	140   	-6.3168 	41.7633 	0.000823315	41.7599 	41.7639
28 	149   	-6.20845	41.7631 	0.00145343 	41.7559 	41.7639
29 	149   	-6.2941 	41.7774 	0.139091   	41.7594 	43.1613
30 	143   	-6.25631	41.7913 	0.195719   	41.7552 	43.1613
n_hidden_neurons = 10
domain_upper = 1
domain_lower = -1
n_pop = 100
n_gens = 30
mutation_p = 0.2
cross_p = 0.5
Mu = 100
Lambda = 200
Algorithm = Mu + Lambda
Enemies = [1, 2, 5, 6, 8]
