gen	nevals	life_avg	avg      	std        	min     	max    
0  	100   	0       	-0.290175	10.029     	-7.28207	30.4866
1  	132   	0       	5.84866  	11.3943    	-5.95842	30.4432
2  	142   	0       	12.9296  	10.1996    	-5.79606	30.6967
3  	134   	0       	21.5368  	9.56627    	-5.79606	48.207 
4  	139   	0       	25.4519  	9.4332     	-5.79606	48.207 
5  	139   	0       	26.9362  	6.38665    	12.174  	48.207 
6  	151   	0       	26.4889  	5.95535    	-5.79606	48.207 
7  	144   	0       	28.2172  	3.93624    	21.7477 	30.6868
8  	126   	0       	29.3329  	3.06476    	21.727  	30.7067
9  	133   	0       	29.0178  	3.61071    	21.7219 	39.1652
10 	137   	0       	28.5246  	3.79709    	21.7477 	30.8941
11 	146   	0       	29.3146  	3.1624     	21.7067 	30.7168
12 	133   	0       	29.4125  	3.3316     	21.727  	39.4241
13 	133   	0       	29.3271  	3.1848     	21.7477 	30.7168
14 	140   	0       	29.5199  	3.00456    	21.7477 	30.7168
15 	144   	0       	29.5354  	3.01275    	21.6917 	30.7168
16 	138   	0       	29.8976  	2.56367    	21.727  	30.7168
17 	135   	0       	30.3532  	1.75664    	21.7477 	30.7168
18 	147   	0       	30.7145  	0.00875218 	30.6481 	30.7168
19 	137   	0       	30.626   	0.892356   	21.7477 	30.7168
20 	136   	0       	30.7158  	0.00833623 	30.634  	30.7168
21 	141   	0       	30.5372  	1.24806    	21.727  	30.7168
22 	134   	0       	30.7164  	0.00396067 	30.677  	30.7168
23 	151   	0       	30.7168  	3.55271e-15	30.7168 	30.7168
24 	144   	0       	30.6257  	0.894431   	21.727  	30.7168
25 	154   	0       	30.7168  	3.55271e-15	30.7168 	30.7168
26 	131   	0       	30.7167  	0.00100505 	30.7067 	30.7168
27 	138   	0       	30.7168  	3.55271e-15	30.7168 	30.7168
28 	142   	0       	30.7168  	3.55271e-15	30.7168 	30.7168
29 	136   	0       	30.7168  	3.55271e-15	30.7168 	30.7168
30 	145   	0       	30.6269  	0.892392   	21.7477 	30.7168
n_hidden_neurons = 10
domain_upper = 1
domain_lower = -1
n_pop = 100
n_gens = 30
mutation_p = 0.2
cross_p = 0.5
Mu = 100
Lambda = 200
Algorithm = Mu + Lambda
Enemies = [2, 4]
