gen	nevals	life_avg 	avg      	std        	min     	max    
0  	100   	0        	-0.746011	16.4186    	-6.88449	66.5884
1  	151   	0        	10.3121  	26.7047    	-5.92426	66.174 
2  	144   	0        	26.0944  	30.0576    	-5.75257	66.174 
3  	139   	0.282014 	51.9656  	24.5407    	-2.70805	86.732 
4  	152   	0.0381579	65.9137  	5.6168     	49.1097 	86.732 
5  	140   	0.382857 	67.512   	4.94601    	66.174  	86.732 
6  	139   	0.192806 	68.3907  	5.82978    	66.174  	86.732 
7  	135   	0.245926 	69.667   	7.47055    	66.174  	86.732 
8  	140   	0.657143 	72.0934  	8.78402    	66.174  	86.732 
9  	137   	1.80292  	75.9589  	9.33178    	66.0468 	86.852 
10 	145   	4.46207  	80.3851  	10.5893    	12.2131 	87.1481
11 	148   	8.32568  	85.7175  	3.71297    	66.174  	86.852 
12 	147   	18.2912  	86.5432  	1.57091    	75.5362 	86.852 
13 	140   	19.9286  	86.8272  	0.13075    	86.732  	87.6524
14 	125   	19.4032  	86.8812  	0.180214   	86.732  	87.6524
15 	131   	19.087   	87.0177  	0.327691   	86.732  	87.6524
16 	143   	18.3273  	87.2282  	0.399498   	86.852  	87.6524
17 	139   	18.2561  	87.4843  	0.326025   	86.852  	87.6524
18 	119   	19.3798  	87.6284  	0.136545   	86.852  	87.6524
19 	126   	20.1762  	87.6524  	2.84217e-14	87.6524 	87.6524
20 	148   	21.1054  	87.6524  	2.84217e-14	87.6524 	87.6524
21 	144   	19.4083  	87.6525  	0.000866876	87.6524 	87.6586
22 	143   	19.8517  	87.6525  	0.000866876	87.6524 	87.6586
23 	143   	19.5273  	87.6527  	0.00121337 	87.6524 	87.6586
24 	134   	17.1582  	87.3175  	2.44312    	65.9669 	87.6586
25 	137   	17.5562  	87.6531  	0.00201215 	87.6524 	87.6586
26 	143   	15.5734  	87.4387  	2.13719    	66.174  	87.6586
27 	132   	16.3712  	87.6548  	0.0030055  	87.6524 	87.6586
28 	141   	16.2709  	87.3317  	2.35824    	66.9501 	87.6586
29 	154   	15.1338  	86.5625  	4.38397    	66.351  	87.6586
30 	133   	14.8947  	87.2163  	2.61767    	66.9501 	87.6586
n_hidden_neurons = 10
domain_upper = 1
domain_lower = -1
n_pop = 100
n_gens = 30
mutation_p = 0.2
cross_p = 0.5
Mu = 100
Lambda = 200
Algorithm = Mu + Lambda
Enemies = [7, 8]
