gen	nevals	life_avg	avg     	std       	min     	max    
0  	100   	-8.40882	-5.46748	3.93355   	-15.2087	13.6332
1  	131   	-6.97207	-2.93372	4.80638   	-7.25065	13.6332
2  	148   	-5.60243	0.644279	6.78177   	-6.24738	18.3096
3  	141   	-6.18442	4.76368 	6.19579   	-6.00125	18.3096
4  	126   	-7.16595	8.62146 	6.10937   	-5.93113	26.7408
5  	141   	-8.28798	12.3455 	5.06183   	2.62924 	26.7408
6  	143   	-9.18413	15.6446 	5.05051   	4.50038 	27.2795
7  	137   	-9.61115	18.3541 	4.13679   	7.47484 	27.2795
8  	133   	-10.6961	20.7854 	3.83484   	8.88404 	27.2795
9  	131   	-10.4548	22.8182 	4.90573   	2.46975 	38.2469
10 	137   	-10.0112	24.3042 	3.95058   	17.1549 	38.2469
11 	143   	-9.75617	26.8737 	4.3791    	11.4377 	38.2469
12 	135   	-9.05402	28.504  	6.36432   	-1.44293	38.2474
13 	132   	-9.24327	29.8485 	6.47426   	0.349156	39.8382
14 	131   	-9.59255	32.3196 	6.1499    	7.81995 	39.8382
15 	140   	-8.05056	35.3837 	5.65464   	7.68141 	39.8377
16 	131   	-8.22073	36.5044 	4.66322   	9.56979 	39.8377
17 	140   	-7.0705 	37.9262 	3.41998   	9.70156 	39.8377
18 	147   	-6.5816 	38.4749 	1.2081    	31.536  	41.0647
19 	154   	-6.13161	38.9883 	0.83724   	38.2442 	41.0935
20 	138   	-6.35334	39.2842 	1.35807   	28.0659 	41.0935
21 	142   	-6.19329	39.8059 	0.47973   	38.2402 	41.0991
22 	143   	-5.93679	39.9263 	0.654511  	34.7228 	41.1097
23 	141   	-6.45444	40.0498 	0.517183  	38.2181 	41.1102
24 	140   	-6.67729	40.3653 	0.686688  	38.2602 	41.1102
25 	150   	-6.46422	40.581  	0.98612   	33.9874 	41.1185
26 	133   	-7.01681	40.9196 	0.992923  	31.5328 	41.1185
27 	138   	-7.47394	40.9621 	0.653424  	36.2392 	41.1107
28 	138   	-8.25016	40.5457 	3.56424   	7.64951 	41.1111
29 	142   	-8.03156	40.8208 	1.48346   	31.5859 	41.1115
30 	134   	-8.09716	41.1096 	0.00226023	41.0991 	41.1115
n_hidden_neurons = 10
domain_upper = 1
domain_lower = -1
n_pop = 100
n_gens = 30
mutation_p = 0.2
cross_p = 0.5
Mu = 100
Lambda = 200
Algorithm = Mu + Lambda
Enemies = [1, 2, 3, 4, 5, 6, 7, 8]
