gen	nevals	life_avg	avg     	std      	min     	max    
0  	100   	-5.06226	-4.07133	6.56476  	-14.5295	28.1152
1  	144   	-5.1654 	0.659917	9.33331  	-7.07703	28.1152
2  	143   	-4.34291	8.21392 	10.4851  	-6.17438	28.123 
3  	131   	-3.83653	16.7675 	11.5735  	-6.05702	77.5947
4  	137   	-1.42491	23.2504 	10.3186  	-6.13443	49.7248
5  	130   	-1.20224	28.0658 	8.77584  	11.4271 	56.5954
6  	141   	2.31695 	33.3828 	8.87089  	11.8262 	56.5954
7  	139   	3.52025 	39.116  	10.9182  	-6.0636 	63.4054
8  	138   	3.71924 	43.5305 	9.98578  	28.0769 	77.8823
9  	142   	3.22712 	49.2356 	10.3819  	15.4681 	77.8823
10 	137   	2.68543 	52.1586 	11.9023  	-2.51406	77.8823
11 	135   	3.60108 	57.7677 	9.51479  	28.278  	77.8823
12 	137   	4.48135 	62.3315 	10.4182  	28.1414 	77.8823
13 	131   	3.11825 	65.1931 	10.9679  	2.43159 	77.9384
14 	144   	3.67351 	68.4966 	10.007   	13.518  	78.2747
15 	128   	6.42539 	71.279  	9.01158  	20.7192 	78.6109
16 	145   	4.69986 	73.5465 	6.57139  	48.9052 	86.11  
17 	131   	5.81357 	75.8639 	6.87794  	41.7831 	86.11  
18 	149   	5.48595 	78.0833 	7.02755  	41.7324 	87.0473
19 	131   	4.08712 	81.4107 	5.94856  	56.3476 	87.0473
20 	145   	5.00306 	83.1904 	6.67903  	46.8432 	87.139 
21 	141   	5.56217 	83.2497 	7.83497  	46.8432 	87.139 
22 	132   	6.3977  	85.6481 	3.26757  	64.1362 	87.139 
23 	132   	7.74101 	86.1493 	1.58322  	76.8222 	87.139 
24 	133   	7.7246  	86.1296 	3.49448  	56.1472 	87.139 
25 	146   	6.46413 	83.7836 	9.2554   	43.9181 	87.139 
26 	150   	10.8422 	85.7107 	6.26131  	35.0464 	87.139 
27 	140   	13.7711 	87.1022 	0.147861 	86.11   	87.139 
28 	143   	15.7588 	87.1199 	0.165419 	85.4779 	87.139 
29 	149   	18.7141 	87.136  	0.0122134	87.0736 	87.139 
30 	147   	17.3711 	86.9722 	1.63627  	70.6919 	87.139 
n_hidden_neurons = 10
domain_upper = 1
domain_lower = -1
n_pop = 100
n_gens = 30
mutation_p = 0.2
cross_p = 0.5
Mu = 100
Lambda = 200
Algorithm = Mu + Lambda
Enemies = [2, 5, 6]
