gen	nevals	life_avg	avg     	std        	min     	max    
0  	100   	0       	-1.61117	8.68704    	-7.28207	30.5152
1  	145   	0       	5.88172 	11.7239    	-7.25347	30.6387
2  	146   	0       	15.3223 	10.3991    	-5.79606	30.6387
3  	132   	0       	23.7901 	8.69796    	3.25061 	65.5032
4  	148   	0       	27.7521 	4.8198     	3.60184 	30.6387
5  	133   	0       	30.2359 	4.03326    	21.4016 	48.1565
6  	122   	0       	32.8302 	5.34171    	30.376  	48.1565
7  	147   	0       	35.2931 	7.37431    	12.5319 	56.9087
8  	148   	0       	39.9333 	7.7677     	21.5928 	56.9479
9  	148   	0       	43.7785 	9.31748    	-5.41165	56.955 
10 	149   	0       	46.7741 	6.417      	21.4587 	56.955 
11 	126   	0       	47.6718 	6.17877    	21.4203 	56.9479
12 	139   	0       	48.2774 	8.6347     	-5.78383	56.9479
13 	135   	0       	50.6667 	8.23166    	21.4016 	65.7423
14 	129   	0       	52.0063 	7.73135    	12.2996 	65.7423
15 	145   	0       	53.4    	6.94547    	21.6529 	65.7423
16 	133   	0       	54.902  	5.42306    	30.4866 	65.7423
17 	141   	0       	55.7993 	4.93504    	30.6577 	65.7423
18 	131   	0       	56.524  	5.24361    	12.351  	65.7423
19 	152   	0       	56.4667 	4.64203    	30.4393 	65.7423
20 	146   	0       	56.9229 	5.66564    	21.4016 	65.7423
21 	143   	0       	58.1633 	4.41326    	30.4509 	65.7423
22 	129   	0       	58.7772 	4.64359    	30.2764 	65.7423
23 	136   	0       	60.9524 	5.30795    	30.337  	65.7423
24 	144   	0       	62.1664 	5.8413     	21.4165 	65.7423
25 	147   	0       	64.5246 	3.01815    	57.0442 	65.7423
26 	141   	0       	65.1235 	3.81038    	39.1478 	65.7423
27 	123   	0       	65.6554 	0.865457   	57.0442 	65.7423
28 	147   	0       	65.7423 	1.42109e-14	65.7423 	65.7423
29 	137   	0       	65.3874 	3.5317     	30.2474 	65.7423
30 	145   	0       	65.7423 	1.42109e-14	65.7423 	65.7423
n_hidden_neurons = 10
domain_upper = 1
domain_lower = -1
n_pop = 100
n_gens = 30
mutation_p = 0.2
cross_p = 0.5
Mu = 100
Lambda = 200
Algorithm = Mu + Lambda
Enemies = [2, 4]
