gen	nevals	life_avg 	avg     	std      	min     	max    
0  	100   	0        	-3.88958	5.55092  	-7.64683	20.6474
1  	152   	0        	-1.05934	8.46548  	-5.8861 	39.7425
2  	136   	0        	4.78197 	10.557   	-5.79606	39.7425
3  	136   	0        	13.6965 	13.4828  	-5.53733	75.313 
4  	142   	0        	18.4299 	16.5927  	-4.62497	75.313 
5  	130   	0        	22.3362 	19.8331  	13.0096 	75.3267
6  	152   	0        	25.9617 	21.4971  	13.0096 	75.3267
7  	136   	0        	33.53   	24.4554  	13.0096 	75.313 
8  	148   	0        	45.8945 	22.5516  	13.0096 	75.313 
9  	145   	0        	61.2269 	19.1561  	12.5928 	75.313 
10 	146   	0.0726027	70.887  	12.0327  	13.0096 	85.3529
11 	141   	0.0751773	74.871  	4.43563  	30.7373 	75.376 
12 	150   	0        	74.8736 	4.4359   	30.7373 	75.376 
13 	132   	0.0257576	74.4409 	6.97387  	21.7477 	84.8225
14 	150   	0.146667 	75.555  	1.46305  	75.313  	86.6825
15 	143   	0        	75.5838 	6.05731  	21.9374 	86.6825
16 	138   	0.797101 	76.1937 	8.36367  	21.7477 	86.6825
17 	129   	0.511628 	76.5868 	9.45024  	39.4866 	86.6825
18 	134   	1.65373  	79.1812 	8.32997  	39.6625 	86.6825
19 	136   	3.64853  	83.3271 	6.83587  	48.5973 	86.6825
20 	140   	7.73571  	85.4484 	6.86506  	21.5928 	86.6825
21 	147   	12.2054  	86.3691 	2.28736  	66.4355 	86.6825
22 	141   	15.2908  	86.2123 	4.67844  	39.6625 	86.6825
23 	137   	14.6993  	86.6825 	0        	86.6825 	86.6825
24 	144   	15.5833  	86.6825 	0        	86.6825 	86.6825
25 	139   	16.9741  	86.6884 	0.0586438	86.6825 	87.2719
26 	146   	15.5205  	86.6884 	0.0586438	86.6825 	87.2719
27 	144   	15.2778  	86.7002 	0.100543 	86.6825 	87.2719
28 	149   	16.149   	86.7474 	0.184415 	86.6825 	87.2719
29 	141   	12.6738  	86.5153 	2.91802  	57.5795 	87.2719
30 	143   	12.1678  	86.9242 	0.289883 	86.6825 	87.2719
n_hidden_neurons = 10
domain_upper = 1
domain_lower = -1
n_pop = 100
n_gens = 30
mutation_p = 0.2
cross_p = 0.5
Mu = 100
Lambda = 200
Algorithm = Mu + Lambda
Enemies = [2, 6]
