gen	nevals	life_avg 	avg     	std      	min     	max    
0  	100   	-4.33276 	-2.89615	9.56308  	-13.7167	35.3036
1  	142   	-4.64331 	3.56071 	13.9211  	-6.2705 	35.3036
2  	143   	-4.16122 	11.3272 	14.9286  	-6.0569 	41.0191
3  	144   	-1.55817 	20.8362 	14.4813  	-4.27624	49.696 
4  	129   	-0.813061	29.8747 	11.6832  	5.58145 	56.9629
5  	146   	2.36121  	35.1461 	9.11503  	-6.25449	56.9629
6  	141   	3.02288  	37.7086 	5.65305  	17.1196 	56.9629
7  	150   	3.65025  	38.9739 	5.146    	35.208  	56.9764
8  	137   	2.89071  	41.631  	7.63511  	0.935769	57.003 
9  	134   	2.78432  	44.1915 	7.00393  	35.2275 	57.0291
10 	130   	3.96517  	46.7635 	7.81905  	28.05   	57.0291
11 	128   	5.13254  	51.7917 	6.7834   	35.2467 	57.0291
12 	141   	6.66249  	55.7528 	3.97945  	35.2785 	57.0291
13 	142   	9.10302  	56.6457 	2.60126  	35.2467 	57.0356
14 	146   	8.89372  	57.1034 	2.91214  	35.2467 	73.1299
15 	147   	8.03462  	58.6749 	3.71024  	56.9147 	73.4889
16 	135   	7.48012  	59.6769 	4.7727   	42.4838 	73.4889
17 	145   	5.45481  	61.194  	6.5465   	35.2595 	78.7288
18 	143   	3.35232  	66.466  	7.47907  	56.9561 	89.397 
19 	139   	1.51905  	71.7289 	9.12793  	56.9697 	89.397 
20 	141   	1.70868  	77.2318 	10.4254  	23.5895 	89.4001
21 	139   	4.65783  	81.7941 	8.19647  	64.5957 	89.4008
22 	132   	10.6564  	86.9314 	5.72136  	64.5957 	89.4008
23 	135   	23.5316  	88.7877 	2.91982  	73.2506 	89.4008
24 	124   	32.0469  	89.3924 	0.0208474	89.2666 	89.4008
25 	140   	34.3811  	89.3928 	0.0221554	89.2666 	89.4008
26 	144   	31.7383  	89.3962 	0.0144517	89.3201 	89.4008
27 	154   	33.6981  	89.3968 	0.0107239	89.3201 	89.4008
28 	135   	35.5148  	89.3976 	0.0118601	89.2982 	89.4008
29 	141   	33.5036  	89.3961 	0.0236224	89.1806 	89.4008
30 	137   	32.763   	89.3967 	0.0185614	89.2384 	89.4008
n_hidden_neurons = 10
domain_upper = 1
domain_lower = -1
n_pop = 100
n_gens = 30
mutation_p = 0.2
cross_p = 0.5
Mu = 100
Lambda = 200
Algorithm = Mu + Lambda
Enemies = [1, 2, 5]
