gen	nevals	life_avg	avg     	std        	min     	max    
0  	100   	0       	-1.55842	8.97369    	-7.25347	21.7477
1  	122   	0       	5.95978 	11.9163    	-7.25347	30.0651
2  	132   	0       	14.8673 	9.88712    	-5.79606	30.5619
3  	136   	0       	21.4087 	6.38939    	-5.53339	48.0919
4  	136   	0       	23.7027 	4.20709    	21.1799 	48.0919
5  	145   	0       	25.0913 	4.86576    	21.4016 	48.0919
6  	133   	0       	26.5152 	5.27227    	12.5319 	48.0919
7  	152   	0       	28.7982 	6.4976     	21.5533 	48.0919
8  	149   	0       	31.0308 	7.31519    	12.7321 	48.1279
9  	156   	0       	33.754  	7.11345    	12.0892 	48.1279
10 	126   	0       	38.0913 	7.8187     	21.7477 	48.1279
11 	146   	0       	39.2057 	10.03      	-5.78383	56.9479
12 	135   	0       	45.0142 	6.24859    	21.4016 	56.9574
13 	140   	0       	46.5084 	5.34931    	21.4016 	56.9574
14 	140   	0       	47.5718 	4.31569    	21.4016 	56.9574
15 	145   	0       	48.2018 	3.65553    	30.3652 	56.9574
16 	139   	0       	48.4846 	5.11009    	21.4016 	57.011 
17 	139   	0       	49.2734 	4.7876     	30.1889 	57.0085
18 	141   	0       	49.9812 	4.00762    	39.257  	57.0085
19 	146   	0       	49.7972 	7.40151    	12.409  	57.0085
20 	135   	0       	52.1873 	6.68595    	12.5319 	57.0085
21 	150   	0       	52.1758 	9.73471    	2.7328  	57.0085
22 	132   	0       	55.5658 	4.46195    	30.447  	57.0236
23 	139   	0       	56.6377 	1.73723    	48.1279 	57.0262
24 	145   	0       	56.5593 	3.63715    	21.4706 	57.0262
25 	133   	0       	56.9238 	0.890472   	48.0651 	57.0262
26 	145   	0       	56.7547 	2.64328    	30.4548 	57.0262
27 	140   	0       	56.3134 	4.47658    	21.4016 	57.0262
28 	143   	0       	57.0261 	0.000497991	57.0236 	57.0262
29 	148   	0       	56.8492 	1.75245    	39.4128 	57.0262
30 	142   	0       	57.0262 	2.84217e-14	57.0262 	57.0262
n_hidden_neurons = 10
domain_upper = 1
domain_lower = -1
n_pop = 100
n_gens = 30
mutation_p = 0.2
cross_p = 0.5
Mu = 100
Lambda = 200
Algorithm = Mu + Lambda
Enemies = [2, 4]
