gen	nevals	life_avg	avg     	std      	min     	max    
0  	100   	0       	0.183162	10.7943  	-7.28207	30.6155
1  	136   	0       	8.9489  	12.6086  	-6.10032	30.6155
2  	145   	0       	16.9692 	10.0355  	-5.77455	30.6155
3  	146   	0       	23.2109 	7.00723  	3.60184 	30.6481
4  	134   	0       	27.6334 	4.88141  	12.409  	39.7583
5  	134   	0       	29.3187 	4.70857  	3.60184 	39.7477
6  	133   	0       	30.5942 	4.12643  	21.7425 	56.6579
7  	149   	0       	31.1574 	3.75031  	21.7321 	39.7477
8  	140   	0       	33.2948 	5.79143  	21.7477 	56.7252
9  	138   	0       	34.7477 	6.64288  	21.7477 	56.7252
10 	132   	0       	38.0775 	6.83468  	21.7477 	56.7252
11 	141   	0       	40.3176 	7.05841  	21.3688 	56.7252
12 	134   	0       	43.9917 	6.76545  	21.4016 	57.6917
13 	144   	0       	47.1621 	6.90946  	21.727  	57.7168
14 	144   	0       	49.6316 	5.3527   	21.727  	57.7168
15 	146   	0       	51.8654 	5.13129  	39.1139 	57.7168
16 	145   	0       	52.6243 	6.15979  	22.0372 	57.7168
17 	142   	0       	55.3702 	4.38581  	38.6561 	65.7159
18 	148   	0       	56.0867 	3.88241  	38.6561 	57.753 
19 	150   	0       	56.5739 	4.33285  	30.6967 	57.753 
20 	138   	0       	57.7108 	0.0711259	57.011  	57.753 
21 	145   	0       	57.252  	3.03254  	30.344  	57.753 
22 	134   	0       	57.8916 	1.80145  	47.9766 	66.5235
23 	120   	0       	58.2472 	2.47366  	47.8644 	66.5235
24 	145   	0       	59.0153 	3.05444  	57.6917 	66.5235
25 	137   	0       	59.435  	4.28884  	47.7539 	66.5235
26 	144   	0       	60.7805 	6.0541   	30.3405 	74.5078
27 	138   	0       	63.4486 	5.1775   	48.0011 	74.5078
28 	146   	0       	65.1792 	5.39074  	39.1056 	74.5078
29 	131   	0       	66.8249 	2.78198  	56.6739 	74.5078
30 	141   	0       	68.9043 	3.66973  	65.7975 	74.5078
n_hidden_neurons = 10
domain_upper = 1
domain_lower = -1
n_pop = 100
n_gens = 30
mutation_p = 0.2
cross_p = 0.5
Mu = 100
Lambda = 200
Algorithm = Mu + Lambda
Enemies = [2, 4]
